0,1,2,3,4,5,6,7,8,9,10,11,12,13,14,15,16,17,18,19,20,21,22,23,24,25,26,27,28,29,30,31,32,33,34,35,36,37,38,39,40,41,42,43,44,45,46,47,48,49,50,51,52,Action
5,3,5,1,0,5,0,2,1,3,3,4,5,1,2,1,4,0,0,3,3,4,2,1,5,2,4,4,0,3,3,3,1,1,4,4,2,4,2,0,4,0,5,5,2,3,0,0,5,5,2,1,1,U'
3,0,0,1,0,5,0,2,1,4,2,0,3,1,4,3,5,1,5,3,5,4,2,1,5,2,4,4,0,3,3,3,1,1,4,4,0,3,3,0,4,0,5,5,2,2,4,2,5,5,2,1,1,R'
3,0,0,1,0,5,0,2,1,4,2,1,3,1,5,3,5,2,5,3,0,4,2,4,5,2,1,4,0,5,3,3,1,1,4,4,3,0,2,3,4,5,0,0,5,4,4,2,1,5,2,3,1,F
3,0,4,1,0,0,0,2,5,4,2,1,3,1,5,1,5,0,5,4,5,2,2,3,1,4,0,0,3,3,3,3,1,1,4,4,3,0,2,5,4,5,2,0,5,4,4,2,1,5,2,3,1,U
5,4,5,1,0,0,0,2,5,1,3,4,5,1,2,0,5,1,3,0,2,2,2,3,1,4,0,0,3,3,3,3,1,1,4,4,4,4,2,5,4,5,2,0,5,3,0,4,1,5,2,3,1,R'
5,4,5,1,0,0,0,2,5,1,3,3,5,1,1,0,5,3,3,0,4,2,2,2,1,4,1,0,3,2,3,3,3,1,4,0,2,5,5,4,4,0,4,5,2,4,0,4,1,5,2,3,1,B2
2,4,5,0,0,0,5,2,5,0,4,1,5,1,1,0,5,3,3,0,4,2,2,2,1,4,1,0,3,2,3,3,3,3,3,1,2,5,0,4,4,1,4,5,5,2,1,3,2,5,1,4,0,D
2,4,5,0,0,0,4,0,4,0,4,1,5,1,1,0,5,3,3,0,4,2,2,2,5,2,5,3,3,0,3,3,3,1,3,2,2,5,0,4,4,1,1,4,1,2,1,3,2,5,1,4,5,R
2,4,5,0,0,0,4,0,4,0,4,4,5,1,2,0,5,5,3,0,0,2,2,3,5,2,2,3,3,4,3,3,2,1,3,2,1,4,2,4,4,5,1,1,0,3,1,3,1,5,1,1,5,U2
1,4,2,0,0,0,4,0,4,5,5,0,2,1,5,4,4,0,3,1,3,2,2,3,5,2,2,3,3,4,3,3,2,1,3,2,2,4,5,4,4,5,1,1,0,3,0,0,1,5,1,1,5,R'
1,4,2,0,0,0,4,0,4,5,5,1,2,1,1,4,4,3,3,1,0,2,2,5,5,2,0,3,3,3,3,3,3,1,3,2,5,5,0,4,4,1,2,4,1,2,0,0,2,5,1,4,5,F'
1,4,3,0,0,4,4,0,4,5,5,1,2,1,1,5,4,2,0,5,0,1,2,2,3,2,5,2,0,4,3,3,3,1,3,2,3,5,0,3,4,1,3,4,1,2,0,0,2,5,1,4,5,U2
3,5,0,0,0,4,4,0,4,2,4,5,1,1,2,1,5,5,2,0,0,1,2,2,3,2,5,2,0,4,3,3,3,1,3,2,1,4,3,3,4,1,3,4,1,0,5,0,2,5,1,4,5,F
3,5,2,0,0,0,4,0,4,2,4,5,1,1,2,4,4,0,3,1,2,2,2,0,5,2,0,3,3,1,3,3,3,1,3,2,1,4,3,5,4,1,5,4,1,0,5,0,2,5,1,4,5,U'
0,5,0,0,0,0,4,0,4,5,2,0,4,1,4,2,1,4,3,5,2,2,2,0,5,2,0,3,3,1,3,3,3,1,3,2,3,1,2,5,4,1,5,4,1,1,4,3,2,5,1,4,5,R
0,5,0,0,0,0,4,0,4,5,2,2,4,1,0,2,1,0,3,5,1,2,2,3,5,2,2,3,3,4,3,3,2,1,3,1,5,5,3,4,4,1,1,1,2,4,4,3,4,5,1,0,5,U
3,5,1,0,0,0,4,0,4,2,4,5,1,1,2,0,0,2,5,5,3,2,2,3,5,2,2,3,3,4,3,3,2,1,3,1,4,4,3,4,4,1,1,1,2,0,5,0,4,5,1,0,5,R'
3,5,1,0,0,0,4,0,4,2,4,0,1,1,4,0,0,0,5,5,5,2,2,2,5,2,2,3,3,3,3,3,3,1,3,2,3,1,2,4,4,1,4,4,1,1,5,0,2,5,1,4,5,U
5,5,5,0,0,0,4,0,4,0,1,2,0,1,4,0,4,0,3,1,2,2,2,2,5,2,2,3,3,3,3,3,3,1,3,2,1,5,0,4,4,1,4,4,1,3,5,1,2,5,1,4,5,L'
5,0,4,5,0,0,5,0,4,3,1,2,2,1,4,5,4,0,3,1,2,3,2,2,1,2,2,5,3,3,1,3,3,1,3,2,1,5,0,4,4,1,4,4,1,3,5,0,2,5,0,4,5,U
3,1,2,5,0,0,5,0,4,5,2,3,4,1,1,0,4,2,1,5,0,3,2,2,1,2,2,5,3,3,1,3,3,1,3,2,3,5,0,4,4,1,4,4,1,5,0,4,2,5,0,4,5,L
5,5,3,0,0,1,4,0,2,0,2,3,0,1,1,4,4,2,5,5,0,4,2,2,0,2,2,1,3,3,3,3,3,1,3,2,3,5,0,4,4,1,4,4,1,5,0,1,2,5,1,4,5,B
3,5,3,2,0,1,0,0,2,0,1,1,0,1,1,4,4,2,5,5,0,4,2,2,0,2,2,1,3,3,3,3,3,5,0,4,3,5,2,4,4,3,4,4,1,4,2,5,5,5,0,5,1,U2
3,5,2,2,0,1,0,0,2,2,4,4,1,1,0,1,1,0,4,2,5,4,2,2,0,2,2,1,3,3,3,3,3,5,0,4,3,5,3,4,4,3,4,4,1,5,5,0,5,5,0,5,1,B'
5,5,2,0,0,1,4,0,2,0,2,3,1,1,0,1,1,0,4,2,5,4,2,2,0,2,2,1,3,3,3,3,3,1,3,3,3,5,2,4,4,4,4,4,4,0,0,1,5,5,1,5,5,U2
3,5,2,0,0,1,4,0,2,0,1,1,0,1,1,3,2,0,0,0,1,4,2,2,0,2,2,1,3,3,3,3,3,1,3,3,5,5,2,4,4,4,4,4,4,4,2,5,5,5,1,5,5,L
4,0,3,0,0,5,2,1,2,5,1,1,1,1,1,5,2,0,0,0,1,0,2,2,3,2,2,0,3,3,4,3,3,0,3,3,5,5,2,4,4,4,4,4,4,4,2,1,5,5,3,5,5,U'
4,2,1,0,0,5,2,1,2,1,1,0,1,1,2,5,1,5,4,0,3,0,2,2,3,2,2,0,3,3,4,3,3,0,3,3,0,0,1,4,4,4,4,4,4,5,5,2,5,5,3,5,5,L'
1,5,2,2,0,1,4,0,2,4,1,0,0,1,2,3,1,5,0,0,3,4,2,2,0,2,2,1,3,3,3,3,3,2,3,3,0,0,1,4,4,4,4,4,4,5,5,5,5,5,1,5,5,U2
0,0,1,2,0,1,4,0,2,5,1,3,2,1,0,0,1,4,5,5,5,4,2,2,0,2,2,1,3,3,3,3,3,2,3,3,1,5,2,4,4,4,4,4,4,0,0,3,5,5,1,5,5,B'
2,0,1,3,0,1,3,0,2,4,2,0,2,1,0,0,1,4,5,5,5,4,2,2,0,2,2,1,3,3,3,3,3,4,4,2,1,5,5,4,4,1,4,4,3,3,1,1,0,5,5,0,5,U'
3,1,1,3,0,1,3,0,2,0,0,4,2,1,1,4,2,0,2,0,1,4,2,2,0,2,2,1,3,3,3,3,3,4,4,2,5,5,5,4,4,1,4,4,3,1,5,5,0,5,5,0,5,B
4,1,1,0,0,1,0,0,2,5,1,3,2,1,1,4,2,0,2,0,1,4,2,2,0,2,2,1,3,3,3,3,3,3,3,3,5,5,2,4,4,4,4,4,4,0,0,1,5,5,5,5,5,U
2,0,1,0,0,1,0,0,2,4,2,5,2,1,1,0,1,3,5,5,2,4,2,2,0,2,2,1,3,3,3,3,3,3,3,3,0,0,1,4,4,4,4,4,4,4,1,1,5,5,5,5,5,L'
1,1,2,0,0,0,2,0,0,5,2,5,4,1,1,0,1,3,1,5,2,3,2,2,3,2,2,5,3,3,5,3,3,1,3,3,0,0,1,4,4,4,4,4,4,4,1,0,5,5,2,5,5,U2
0,0,1,0,0,0,2,0,0,3,1,0,1,1,4,5,2,5,4,1,0,3,2,2,3,2,2,5,3,3,5,3,3,1,3,3,1,1,2,4,4,4,4,4,4,1,5,2,5,5,2,5,5,L
2,0,0,0,0,0,0,0,1,4,1,0,2,1,4,2,2,5,3,1,0,1,2,2,5,2,2,4,3,3,3,3,3,3,3,3,1,1,2,4,4,4,4,4,4,1,5,1,5,5,5,5,5,U2
1,1,2,0,0,0,0,0,1,5,2,2,4,1,2,0,1,4,1,5,1,1,2,2,5,2,2,4,3,3,3,3,3,3,3,3,2,0,0,4,4,4,4,4,4,3,1,0,5,5,5,5,5,L'
2,0,1,1,0,0,1,0,0,1,2,2,1,1,2,5,1,4,4,5,1,3,2,2,3,2,2,5,3,3,5,3,3,0,3,3,2,0,0,4,4,4,4,4,4,3,1,0,5,5,4,5,5,U2
2,0,0,1,0,0,1,0,0,4,1,5,2,1,1,2,2,1,3,1,0,3,2,2,3,2,2,5,3,3,5,3,3,0,3,3,2,0,1,4,4,4,4,4,4,4,5,1,5,5,4,5,5,L
1,1,2,0,0,0,0,0,0,5,1,5,4,1,1,1,2,1,4,1,0,2,2,2,2,2,2,3,3,3,3,3,3,3,3,3,2,0,1,4,4,4,4,4,4,4,5,0,5,5,5,5,5,U'
4,5,0,0,0,0,0,0,0,5,1,1,1,1,2,5,4,1,1,1,2,2,2,2,2,2,2,3,3,3,3,3,3,3,3,3,4,1,0,4,4,4,4,4,4,2,0,1,5,5,5,5,5,B2
4,5,0,4,0,0,0,0,0,3,3,3,1,1,2,5,4,1,1,1,2,2,2,2,2,2,2,3,3,3,3,3,3,1,1,5,4,1,0,4,4,0,4,4,4,5,5,5,5,5,5,1,0,U'
5,5,5,4,0,0,0,0,0,3,2,1,3,1,4,3,1,5,4,5,0,2,2,2,2,2,2,3,3,3,3,3,3,1,1,5,1,1,2,4,4,0,4,4,4,4,1,0,5,5,5,1,0,B
1,5,5,2,0,0,3,0,0,2,0,4,3,1,4,3,1,5,4,5,0,2,2,2,2,2,2,3,3,3,3,3,3,5,4,0,1,1,5,4,4,1,4,4,1,1,5,4,0,5,1,2,5,R
1,5,5,2,0,0,3,0,0,2,0,0,3,1,2,3,1,2,4,5,3,2,2,3,2,2,0,3,3,2,3,3,0,5,4,1,4,4,1,4,4,1,1,1,5,5,5,4,4,5,1,4,5,B'
5,5,5,4,0,0,1,0,0,3,2,1,3,1,2,3,1,2,4,5,3,2,2,3,2,2,0,3,3,2,3,3,0,5,1,1,4,4,2,4,4,0,1,1,0,4,1,0,5,5,5,5,4,U
4,5,3,4,0,0,1,0,0,3,3,3,1,1,2,2,2,1,4,4,2,2,2,3,2,2,0,3,3,2,3,3,0,5,1,1,4,1,0,4,4,0,1,1,0,5,5,5,5,5,5,5,4,B2
0,5,3,0,0,0,0,0,0,1,1,5,1,1,2,2,2,1,4,4,2,2,2,3,2,2,0,3,3,2,3,3,0,3,3,3,4,1,1,4,4,4,1,1,4,4,4,5,5,5,5,5,5,U'
4,4,5,0,0,0,0,0,0,5,2,1,1,1,2,1,1,2,0,5,3,2,2,3,2,2,0,3,3,2,3,3,0,3,3,3,4,4,2,4,4,4,1,1,4,4,1,1,5,5,5,5,5,B'
3,4,5,3,0,0,3,0,0,0,0,4,1,1,2,1,1,2,0,5,3,2,2,3,2,2,0,3,3,2,3,3,0,4,4,2,4,4,5,4,4,2,1,1,1,1,5,5,1,5,5,4,5,R'
3,4,5,3,0,0,3,0,0,0,0,4,1,1,1,1,1,1,0,5,4,2,2,2,2,2,2,3,3,3,3,3,3,4,4,0,5,2,1,4,4,1,4,4,1,2,5,5,0,5,5,2,5,B
4,4,5,0,0,0,0,0,0,1,1,1,1,1,1,1,1,1,0,5,4,2,2,2,2,2,2,3,3,3,3,3,3,3,3,3,5,2,0,4,4,4,4,4,4,2,0,2,5,5,5,5,5,U2
5,2,0,0,0,0,0,0,0,1,1,1,1,1,1,1,1,1,2,0,2,2,2,2,2,2,2,3,3,3,3,3,3,3,3,3,4,4,5,4,4,4,4,4,4,0,5,4,5,5,5,5,5,B
1,2,0,1,0,0,1,0,0,5,4,4,1,1,1,1,1,1,2,0,2,2,2,2,2,2,2,3,3,3,3,3,3,5,0,0,4,4,3,4,4,3,4,4,3,5,5,0,5,5,5,5,5,U
2,0,2,1,0,0,1,0,0,1,1,5,1,1,4,1,1,4,4,4,3,2,2,2,2,2,2,3,3,3,3,3,3,5,0,0,5,5,0,4,4,3,4,4,3,1,2,0,5,5,5,5,5,B'
5,0,2,0,0,0,0,0,0,1,1,2,1,1,4,1,1,4,4,4,3,2,2,2,2,2,2,3,3,3,3,3,3,3,3,0,5,5,1,4,4,1,4,4,5,0,5,4,2,5,5,1,5,R'
5,0,2,0,0,0,0,0,0,1,1,1,1,1,2,1,1,0,4,4,2,2,2,4,2,2,4,3,3,3,3,3,2,3,3,2,1,1,5,5,4,4,5,4,4,0,5,4,3,5,5,3,5,B
1,0,2,1,0,0,1,0,0,5,4,4,1,1,2,1,1,0,4,4,2,2,2,4,2,2,4,3,3,3,3,3,2,5,0,0,1,1,2,5,4,3,5,4,3,3,3,0,5,5,5,5,5,U2
1,1,2,1,0,0,1,0,0,0,1,1,2,1,1,4,4,5,3,3,0,2,2,4,2,2,4,3,3,3,3,3,2,5,0,0,1,0,2,5,4,3,5,4,3,4,4,2,5,5,5,5,5,B'
5,1,2,0,0,0,0,0,0,1,1,1,2,1,1,4,4,5,3,3,0,2,2,4,2,2,4,3,3,3,3,3,2,3,3,2,1,0,0,5,4,1,5,4,1,2,5,4,4,5,5,4,5,U2
1,0,0,0,0,0,0,0,0,5,4,4,1,1,2,1,1,1,2,5,4,2,2,4,2,2,4,3,3,3,3,3,2,3,3,2,5,1,2,5,4,1,5,4,1,3,3,0,4,5,5,4,5,B'
3,0,0,3,0,0,2,0,0,0,0,1,1,1,2,1,1,1,2,5,4,2,2,4,2,2,4,3,3,3,3,3,2,1,1,2,5,1,5,5,4,4,5,4,4,0,5,5,3,5,5,3,4,R
3,0,0,3,0,0,2,0,0,0,0,4,1,1,4,1,1,4,2,5,3,2,2,2,2,2,2,3,3,3,3,3,3,1,1,0,5,5,5,4,4,1,4,4,5,1,5,5,2,5,5,1,4,B
4,0,0,0,0,0,0,0,0,5,1,5,1,1,4,1,1,4,2,5,3,2,2,2,2,2,2,3,3,3,3,3,3,3,3,2,5,5,0,4,4,1,4,4,1,1,2,1,4,5,5,4,5,U
2,5,3,0,0,0,0,0,0,1,1,5,1,1,1,4,4,5,5,5,0,2,2,2,2,2,2,3,3,3,3,3,3,3,3,2,1,2,1,4,4,1,4,4,1,4,0,0,4,5,5,4,5,B
5,5,3,1,0,0,1,0,0,1,1,1,1,1,1,4,4,5,5,5,0,2,2,2,2,2,2,3,3,3,3,3,3,2,0,0,1,2,2,4,4,3,4,4,3,4,4,4,5,5,0,5,5,U2
1,2,2,1,0,0,1,0,0,5,4,4,1,1,1,1,1,1,4,4,4,2,2,2,2,2,2,3,3,3,3,3,3,2,0,0,5,5,3,4,4,3,4,4,3,5,5,0,5,5,0,5,5,B'
2,2,2,0,0,0,0,0,0,1,1,1,1,1,1,1,1,1,4,4,4,2,2,2,2,2,2,3,3,3,3,3,3,3,3,3,5,5,5,4,4,4,4,4,4,0,0,0,5,5,5,5,5,U'
0,0,0,0,0,0,0,0,0,1,1,1,1,1,1,1,1,1,2,2,2,2,2,2,2,2,2,3,3,3,3,3,3,3,3,3,4,4,4,4,4,4,4,4,4,5,5,5,5,5,5,5,5,#
4,3,3,0,0,1,2,2,0,5,2,1,0,1,4,0,0,5,2,2,4,5,2,4,5,3,2,1,5,3,3,3,2,0,0,3,3,3,2,1,4,4,4,1,5,4,4,1,5,5,5,0,1,R'
4,3,3,0,0,1,2,2,0,5,2,0,0,1,5,0,0,4,2,2,1,5,2,4,5,3,5,1,5,4,3,3,4,0,0,2,2,4,5,3,4,1,3,1,4,3,4,1,2,5,5,3,1,U2
2,4,5,0,0,1,2,2,0,4,0,0,5,1,0,0,2,5,3,4,1,5,2,4,5,3,5,1,5,4,3,3,4,0,0,2,4,3,3,3,4,1,3,1,4,2,2,1,2,5,5,3,1,F'
2,4,5,0,0,2,2,2,0,4,0,0,5,1,0,4,3,3,1,4,5,4,2,3,3,5,5,5,1,0,3,3,4,0,0,2,4,3,3,5,4,1,1,1,4,2,2,1,2,5,5,3,1,R
2,4,5,0,0,2,2,2,0,4,0,5,5,1,3,4,3,5,1,4,0,4,2,4,3,5,2,5,1,3,3,3,2,0,0,2,1,5,4,1,4,3,4,1,3,3,2,1,0,5,5,0,1,F2
2,4,4,0,0,1,2,2,1,4,0,5,5,1,3,3,1,5,2,5,3,4,2,4,0,4,1,5,3,4,3,3,2,0,0,2,0,5,4,2,4,3,5,1,3,3,2,1,0,5,5,0,1,B'
0,4,4,0,0,1,2,2,1,2,0,2,5,1,3,3,1,5,2,5,3,4,2,4,0,4,1,5,3,4,3,3,2,3,3,4,0,5,4,2,4,0,5,1,5,1,5,1,2,5,1,3,0,R2
0,4,4,0,0,1,2,2,1,2,0,4,5,1,2,3,1,4,2,5,3,4,2,2,0,4,1,5,3,2,3,3,3,3,3,5,5,1,5,0,4,2,4,5,0,1,5,1,4,5,1,3,0,D
0,4,4,0,0,1,3,0,0,2,0,4,5,1,2,3,1,4,2,5,3,4,2,2,2,2,1,3,3,5,3,3,3,5,3,2,5,1,5,0,4,2,0,4,1,1,5,1,4,5,1,4,5,B
4,4,4,0,0,1,2,0,0,5,2,1,5,1,2,3,1,4,2,5,3,4,2,2,2,2,1,3,3,5,3,3,3,0,0,3,5,1,2,0,4,3,0,4,5,4,4,1,5,5,5,0,1,U
2,5,3,0,0,1,2,0,0,3,5,5,1,1,2,4,2,1,5,1,2,4,2,2,2,2,1,3,3,5,3,3,3,0,0,3,4,4,1,0,4,3,0,4,5,4,4,4,5,5,5,0,1,B'
0,5,3,0,0,1,3,0,0,2,0,2,1,1,2,4,2,1,5,1,2,4,2,2,2,2,1,3,3,5,3,3,3,5,3,1,4,4,3,0,4,5,0,4,5,4,5,1,4,5,1,4,5,R'
0,5,3,0,0,1,3,0,0,2,0,4,1,1,4,4,2,4,5,1,2,4,2,2,2,2,1,3,3,2,3,3,2,5,3,1,3,5,5,4,4,4,4,0,0,1,5,1,3,5,1,5,5,U
5,1,2,0,0,1,3,0,0,4,1,2,2,1,0,4,4,4,3,5,5,4,2,2,2,2,1,3,3,2,3,3,2,5,3,1,1,5,1,4,4,4,4,0,0,0,5,3,3,5,1,5,5,R
5,1,2,0,0,1,3,0,0,4,1,5,2,1,2,4,4,1,3,5,2,4,2,2,2,2,1,3,3,5,3,3,3,5,3,0,4,4,1,0,4,5,0,4,1,4,5,3,0,5,1,2,5,U'
4,5,3,0,0,1,3,0,0,5,2,1,1,1,4,4,2,4,5,1,2,4,2,2,2,2,1,3,3,5,3,3,3,5,3,0,3,5,2,0,4,5,0,4,1,4,4,1,0,5,1,2,5,R
4,5,3,0,0,1,3,0,0,5,2,2,1,1,2,4,2,1,5,1,5,4,2,3,2,2,0,3,3,2,3,3,0,5,3,4,0,0,3,4,4,5,1,5,2,4,4,1,4,5,1,1,5,U
5,1,5,0,0,1,3,0,0,4,1,5,2,1,2,1,2,2,0,0,3,4,2,3,2,2,0,3,3,2,3,3,0,5,3,4,4,4,1,4,4,5,1,5,2,4,5,3,4,5,1,1,5,R'
5,1,5,0,0,1,3,0,0,4,1,1,2,1,4,1,2,4,0,0,5,4,2,2,2,2,2,3,3,3,3,3,3,5,3,0,1,5,2,4,4,5,4,4,1,4,5,3,0,5,1,2,5,B
1,1,5,1,0,1,4,0,0,2,5,1,2,1,4,1,2,4,0,0,5,4,2,2,2,2,2,3,3,3,3,3,3,5,0,3,1,5,0,4,4,3,4,4,5,2,0,4,5,5,5,0,1,U2
1,5,0,1,0,1,4,0,0,4,2,1,4,1,2,1,5,2,2,0,4,4,2,2,2,2,2,3,3,3,3,3,3,5,0,3,1,1,5,4,4,3,4,4,5,0,0,5,5,5,5,0,1,B'
5,5,0,0,0,1,3,0,0,4,1,1,4,1,2,1,5,2,2,0,4,4,2,2,2,2,2,3,3,3,3,3,3,5,3,5,1,1,4,4,4,2,4,4,1,5,5,3,0,5,1,0,5,U2
1,1,4,0,0,1,3,0,0,2,5,1,2,1,4,1,1,4,5,5,3,4,2,2,2,2,2,3,3,3,3,3,3,5,3,5,5,5,0,4,4,2,4,4,1,2,0,4,0,5,1,0,5,B
1,1,4,5,0,1,2,0,0,0,2,1,2,1,4,1,1,4,5,5,3,4,2,2,2,2,2,3,3,3,3,3,3,1,0,3,5,5,5,4,4,3,4,4,5,0,0,2,5,5,0,0,1,U'
0,0,2,5,0,1,2,0,0,1,4,4,2,1,1,0,2,1,1,1,4,4,2,2,2,2,2,3,3,3,3,3,3,1,0,3,5,5,3,4,4,3,4,4,5,5,5,5,5,5,0,0,1,B'
1,0,2,0,0,1,3,0,0,2,5,0,2,1,1,0,2,1,1,1,4,4,2,2,2,2,2,3,3,3,3,3,3,5,3,3,5,5,1,4,4,4,4,4,4,5,0,4,5,5,1,5,5,U
1,1,4,0,0,1,3,0,0,0,2,2,2,1,5,1,1,0,5,5,1,4,2,2,2,2,2,3,3,3,3,3,3,5,3,3,5,0,4,4,4,4,4,4,4,1,0,2,5,5,1,5,5,B'
5,1,4,3,0,1,3,0,0,3,0,1,2,1,5,1,1,0,5,5,1,4,2,2,2,2,2,3,3,3,3,3,3,4,4,4,5,0,0,4,4,2,4,4,2,2,1,0,0,5,5,1,5,U
5,5,1,3,0,1,3,0,0,1,2,3,1,1,0,0,5,1,5,0,0,4,2,2,2,2,2,3,3,3,3,3,3,4,4,4,2,1,0,4,4,2,4,4,2,5,1,4,0,5,5,1,5,B
3,5,1,2,0,1,1,0,0,0,2,2,1,1,0,0,5,1,5,0,0,4,2,2,2,2,2,3,3,3,3,3,3,5,3,3,2,1,4,4,4,4,4,4,4,1,0,5,5,5,1,5,5,L
1,2,3,0,0,5,0,1,1,4,2,2,1,1,0,5,5,1,0,0,0,1,2,2,0,2,2,5,3,3,4,3,3,2,3,3,2,1,4,4,4,4,4,4,4,1,0,5,5,5,3,5,5,U
0,0,0,0,0,5,0,1,1,5,1,4,5,1,2,1,0,2,2,1,4,1,2,2,0,2,2,5,3,3,4,3,3,2,3,3,1,0,5,4,4,4,4,4,4,1,2,3,5,5,3,5,5,L'
0,5,1,0,0,1,0,0,0,2,1,4,1,1,2,0,0,2,5,1,4,4,2,2,2,2,2,3,3,3,3,3,3,3,3,3,1,0,5,4,4,4,4,4,4,1,2,1,5,5,5,5,5,U
5,1,4,0,0,1,0,0,0,0,1,2,0,1,1,2,2,4,1,0,5,4,2,2,2,2,2,3,3,3,3,3,3,3,3,3,1,2,1,4,4,4,4,4,4,0,5,1,5,5,5,5,5,F
5,1,3,0,0,3,0,0,3,0,1,2,0,1,1,0,1,4,2,4,1,2,2,0,2,2,5,4,4,1,3,3,3,3,3,3,2,2,1,2,4,4,4,4,4,0,5,1,5,5,5,5,5,U2
2,2,1,0,0,3,0,0,3,4,1,0,1,1,0,2,1,0,0,5,1,2,2,0,2,2,5,4,4,1,3,3,3,3,3,3,5,1,3,2,4,4,4,4,4,2,4,1,5,5,5,5,5,F'
2,2,0,0,0,1,0,0,2,4,1,0,1,1,0,5,2,4,1,0,5,5,2,2,0,2,2,1,3,3,3,3,3,3,3,3,1,1,3,4,4,4,4,4,4,2,4,1,5,5,5,5,5,U2
1,1,3,0,0,1,0,0,2,4,2,5,0,1,1,0,1,4,2,4,1,5,2,2,0,2,2,1,3,3,3,3,3,3,3,3,2,2,0,4,4,4,4,4,4,1,0,5,5,5,5,5,5,L'
3,1,2,1,0,0,1,0,0,2,2,5,5,1,1,0,1,4,1,4,1,3,2,2,3,2,2,5,3,3,5,3,3,5,3,3,2,2,0,4,4,4,4,4,4,1,0,0,5,5,0,5,5,U'
1,0,0,1,0,0,1,0,0,5,1,4,2,1,1,2,5,0,3,1,2,3,2,2,3,2,2,5,3,3,5,3,3,5,3,3,1,4,1,4,4,4,4,4,4,2,2,0,5,5,0,5,5,L
1,1,1,0,0,0,0,0,0,4,1,4,0,1,1,0,5,0,5,1,2,2,2,2,2,2,2,3,3,3,3,3,3,3,3,3,1,4,1,4,4,4,4,4,4,2,2,5,5,5,5,5,5,U
5,1,2,0,0,0,0,0,0,0,0,4,5,1,1,0,1,4,1,4,1,2,2,2,2,2,2,3,3,3,3,3,3,3,3,3,2,2,5,4,4,4,4,4,4,1,1,1,5,5,5,5,5,B
4,1,2,0,0,0,0,0,0,5,4,4,5,1,1,0,1,4,1,4,1,2,2,2,2,2,2,3,3,3,3,3,3,5,0,0,2,2,3,4,4,3,4,4,3,5,5,1,5,5,1,5,5,L
0,0,4,0,0,1,0,0,2,1,4,4,1,1,1,1,1,4,5,4,1,5,2,2,0,2,2,1,3,3,2,3,3,2,0,0,2,2,3,4,4,3,4,4,3,5,5,5,5,5,3,5,5,F'
0,0,4,0,0,1,0,0,1,1,4,4,1,1,1,2,4,4,1,2,2,4,2,2,5,5,0,4,1,2,2,3,3,2,0,0,3,2,3,3,4,3,1,4,3,5,5,5,5,5,3,5,5,L
0,0,0,0,0,0,1,1,4,3,4,4,3,1,1,5,4,4,1,2,2,1,2,2,2,5,0,1,1,2,4,3,3,5,0,0,3,2,3,3,4,3,1,4,3,5,5,2,5,5,2,5,5,F
0,0,1,0,0,1,1,1,2,3,4,4,3,1,1,4,0,0,2,1,1,5,2,2,0,2,2,1,3,3,4,3,3,5,0,0,5,2,3,4,4,3,4,4,3,5,5,2,5,5,2,5,5,L'
1,1,2,0,0,1,0,0,1,2,4,4,5,1,1,0,0,0,1,1,1,4,2,2,5,2,2,4,3,3,2,3,3,2,0,0,5,2,3,4,4,3,4,4,3,5,5,4,5,5,3,5,5,F'
1,1,0,0,0,0,0,0,0,2,4,4,5,1,1,5,4,4,1,2,2,1,2,2,1,4,5,2,1,1,2,3,3,2,0,0,3,2,3,3,4,3,4,4,3,5,5,4,5,5,3,5,5,L
0,0,1,0,0,1,0,0,0,3,4,4,3,1,1,4,4,4,2,2,2,5,2,2,5,4,5,1,1,1,1,3,3,1,0,0,3,2,3,3,4,3,4,4,3,5,5,2,5,5,2,5,5,F
0,0,1,0,0,1,0,0,1,3,4,4,3,1,1,0,1,1,5,5,2,4,2,2,5,2,2,4,3,3,1,3,3,1,0,0,4,2,3,4,4,3,4,4,3,5,5,2,5,5,2,5,5,L2
1,0,0,1,0,0,1,0,0,4,4,4,1,1,1,1,1,1,2,5,2,2,2,2,2,2,2,3,3,3,3,3,3,0,0,0,4,2,3,4,4,3,4,4,3,5,5,5,5,5,4,5,5,B
4,0,0,4,0,0,4,0,0,3,3,3,1,1,1,1,1,1,2,5,2,2,2,2,2,2,2,3,3,3,3,3,3,1,1,1,4,2,0,4,4,0,4,4,0,5,5,5,5,5,5,5,4,U
2,5,2,4,0,0,4,0,0,1,1,3,1,1,3,1,1,3,4,2,0,2,2,2,2,2,2,3,3,3,3,3,3,1,1,1,5,5,5,4,4,0,4,4,0,4,0,0,5,5,5,5,4,B
3,5,2,1,0,0,1,0,0,5,0,0,1,1,3,1,1,3,4,2,0,2,2,2,2,2,2,3,3,3,3,3,3,2,4,4,5,5,1,4,4,1,4,4,1,5,5,4,4,5,0,5,5,U
4,2,0,1,0,0,1,0,0,1,1,5,1,1,0,3,3,0,5,5,1,2,2,2,2,2,2,3,3,3,3,3,3,2,4,4,5,5,4,4,4,1,4,4,1,3,5,2,4,5,0,5,5,B'
2,2,0,4,0,0,4,0,0,1,1,4,1,1,0,3,3,0,5,5,1,2,2,2,2,2,2,3,3,3,3,3,3,1,1,4,5,5,1,4,4,1,4,4,5,2,0,0,5,5,5,3,4,U'
2,0,0,4,0,0,4,0,0,4,0,0,1,1,3,1,1,3,2,2,0,2,2,2,2,2,2,3,3,3,3,3,3,1,1,4,5,5,1,4,4,1,4,4,5,5,5,1,5,5,5,3,4,B'
1,0,0,1,0,0,4,0,0,4,4,2,1,1,3,1,1,3,2,2,0,2,2,2,2,2,2,3,3,3,3,3,3,5,1,1,5,5,4,4,4,0,4,4,0,1,5,5,5,5,4,5,5,U'
1,5,5,1,0,0,4,0,0,2,3,3,4,1,1,4,1,1,1,0,0,2,2,2,2,2,2,3,3,3,3,3,3,5,1,1,2,2,0,4,4,0,4,4,0,5,5,4,5,5,4,5,5,B'
5,5,5,1,0,0,1,0,0,4,1,1,4,1,1,4,1,1,1,0,0,2,2,2,2,2,2,3,3,3,3,3,3,0,0,0,2,2,2,4,4,3,4,4,3,4,4,3,5,5,5,5,5,U
1,0,0,1,0,0,1,0,0,4,4,4,1,1,1,1,1,1,2,2,2,2,2,2,2,2,2,3,3,3,3,3,3,0,0,0,4,4,3,4,4,3,4,4,3,5,5,5,5,5,5,5,5,B'
0,0,0,0,0,0,0,0,0,1,1,1,1,1,1,1,1,1,2,2,2,2,2,2,2,2,2,3,3,3,3,3,3,3,3,3,4,4,4,4,4,4,4,4,4,5,5,5,5,5,5,5,5,#
1,4,2,0,0,4,3,3,2,5,4,4,3,1,1,3,2,4,0,4,1,1,2,1,0,1,3,1,5,5,0,3,2,2,3,5,2,0,5,2,4,0,4,3,0,1,5,0,2,5,5,3,5,R
1,4,2,0,0,4,3,3,2,5,4,1,3,1,1,3,2,3,0,4,5,1,2,2,0,1,5,1,5,3,0,3,2,2,3,1,4,2,2,3,4,0,0,0,5,4,5,0,1,5,5,4,5,F
1,4,1,0,0,5,3,3,3,5,4,1,3,1,1,2,4,2,0,1,0,1,2,4,5,2,5,0,3,4,0,3,2,2,3,1,3,2,2,2,4,0,3,0,5,4,5,0,1,5,5,4,5,D2
1,4,1,0,0,5,3,0,5,5,4,1,3,1,1,2,4,2,0,1,0,1,2,4,4,5,4,1,3,2,2,3,0,4,3,0,3,2,2,2,4,0,3,3,3,4,5,0,1,5,5,5,2,R
1,4,1,0,0,5,3,0,5,5,4,0,3,1,4,2,4,4,0,1,2,1,2,0,4,5,0,1,3,5,2,3,1,4,3,4,3,2,3,3,4,2,3,0,2,2,5,0,1,5,5,1,2,U
0,1,2,0,0,5,3,0,5,2,3,5,4,1,4,4,4,0,3,2,3,1,2,0,4,5,0,1,3,5,2,3,1,4,3,4,2,5,0,3,4,2,3,0,2,1,4,1,1,5,5,1,2,D'
0,1,2,0,0,5,4,5,0,2,3,5,4,1,4,4,4,0,3,2,3,1,2,0,3,0,2,5,1,4,3,3,3,1,2,4,2,5,0,3,4,2,1,2,5,1,4,1,1,5,5,3,0,F
0,1,5,0,0,1,4,5,4,2,3,5,4,1,4,0,5,2,3,1,3,0,2,2,2,0,3,1,3,2,3,3,3,1,2,4,4,5,0,4,4,2,0,2,5,1,4,1,1,5,5,3,0,B2
5,1,5,2,0,1,0,5,4,4,2,1,4,1,4,0,5,2,3,1,3,0,2,2,2,0,3,1,3,2,3,3,3,5,3,2,4,5,4,4,4,0,0,2,0,5,0,3,5,5,1,1,4,D'
5,1,5,2,0,1,2,0,3,4,2,1,4,1,4,0,5,2,3,1,3,0,2,2,0,2,0,2,3,2,3,3,3,1,3,5,4,5,4,4,4,0,1,4,1,5,0,3,5,5,1,0,5,U
3,1,3,2,0,1,2,0,3,0,4,4,5,1,2,2,4,1,4,5,4,0,2,2,0,2,0,2,3,2,3,3,3,1,3,5,5,0,3,4,4,0,1,4,1,5,1,5,5,5,1,0,5,F'
3,1,1,2,0,4,2,0,2,0,4,4,5,1,2,5,4,1,4,2,0,5,2,2,4,0,0,3,1,3,3,3,3,1,3,5,2,0,3,3,4,0,2,4,1,5,1,5,5,5,1,0,5,U2
2,0,3,2,0,4,2,0,2,1,4,5,2,1,5,4,4,0,5,1,5,5,2,2,4,0,0,3,1,3,3,3,3,1,3,5,3,1,1,3,4,0,2,4,1,4,2,0,5,5,1,0,5,F
2,0,3,2,0,1,2,0,3,1,4,5,2,1,5,2,4,3,4,5,5,0,2,1,0,2,5,2,3,3,3,3,3,1,3,5,4,1,1,4,4,0,0,4,1,4,2,0,5,5,1,0,5,U'
4,2,0,2,0,1,2,0,3,5,5,3,4,1,4,1,2,2,2,0,3,0,2,1,0,2,5,2,3,3,3,3,3,1,3,5,4,5,5,4,4,0,0,4,1,4,1,1,5,5,1,0,5,F'
4,2,2,2,0,2,2,0,1,5,5,3,4,1,4,4,4,0,3,1,5,0,2,2,2,0,0,0,1,3,3,3,3,1,3,5,3,5,5,3,4,0,2,4,1,4,1,1,5,5,1,0,5,U'
4,1,1,2,0,2,2,0,1,3,4,0,5,1,4,5,4,4,4,2,2,0,2,2,2,0,0,0,1,3,3,3,3,1,3,5,3,1,5,3,4,0,2,4,1,3,5,5,5,5,1,0,5,F
4,1,0,2,0,1,2,0,3,3,4,0,5,1,4,1,2,1,2,0,4,0,2,2,0,2,2,2,3,3,3,3,3,1,3,5,5,1,5,4,4,0,4,4,1,3,5,5,5,5,1,0,5,U
2,0,4,2,0,1,2,0,3,1,5,3,2,1,4,1,4,0,5,1,5,0,2,2,0,2,2,2,3,3,3,3,3,1,3,5,3,5,5,4,4,0,4,4,1,4,1,0,5,5,1,0,5,B
3,0,4,5,0,1,1,0,3,5,0,1,2,1,4,1,4,0,5,1,5,0,2,2,0,2,2,2,3,3,3,3,3,2,2,2,3,5,5,4,4,3,4,4,1,0,5,4,5,5,1,4,1,U
5,1,5,5,0,1,1,0,3,1,2,5,4,1,0,0,4,1,3,5,5,0,2,2,0,2,2,2,3,3,3,3,3,2,2,2,0,5,4,4,4,3,4,4,1,3,0,4,5,5,1,4,1,B'
2,1,5,2,0,1,2,0,3,1,5,5,4,1,0,0,4,1,3,5,5,0,2,2,0,2,2,2,3,3,3,3,3,1,3,4,0,5,1,4,4,2,4,4,5,4,1,0,0,5,1,3,5,R'
2,1,5,2,0,1,2,0,3,1,5,3,4,1,0,0,4,4,3,5,5,0,2,0,0,2,1,2,3,5,3,3,2,1,3,2,1,2,5,5,4,4,0,4,4,4,1,0,3,5,1,3,5,U
3,5,5,2,0,1,2,0,3,0,4,1,4,1,5,4,0,3,1,2,5,0,2,0,0,2,1,2,3,5,3,3,2,1,3,2,4,1,0,5,4,4,0,4,4,2,1,5,3,5,1,3,5,R
3,5,5,2,0,1,2,0,3,0,4,5,4,1,0,4,0,1,1,2,5,0,2,2,0,2,2,2,3,3,3,3,3,1,3,2,0,5,4,4,4,1,4,4,0,3,1,5,5,5,1,1,5,B
5,5,5,4,0,1,0,0,3,4,1,0,4,1,0,4,0,1,1,2,5,0,2,2,0,2,2,2,3,3,3,3,3,3,2,2,0,5,2,4,4,3,4,4,1,1,5,3,5,5,1,4,1,U
1,2,5,4,0,1,0,0,3,4,4,4,0,1,1,1,0,0,0,5,2,0,2,2,0,2,2,2,3,3,3,3,3,3,2,2,1,5,3,4,4,3,4,4,1,5,5,5,5,5,1,4,1,B'
3,2,5,2,0,1,2,0,3,0,4,1,0,1,1,1,0,0,0,5,2,0,2,2,0,2,2,2,3,3,3,3,3,1,3,3,1,5,4,4,4,4,4,4,4,5,1,5,5,5,1,5,5,U
0,5,2,2,0,1,2,0,3,1,0,0,0,1,4,0,1,1,1,5,4,0,2,2,0,2,2,2,3,3,3,3,3,1,3,3,5,1,5,4,4,4,4,4,4,3,2,5,5,5,1,5,5,B'
1,5,2,3,0,1,3,0,3,2,2,0,0,1,4,0,1,1,1,5,4,0,2,2,0,2,2,2,3,3,3,3,3,4,4,5,5,1,1,4,4,0,4,4,0,5,1,4,2,5,5,3,5,U2
5,1,1,3,0,1,3,0,3,1,1,0,4,1,0,0,2,2,5,1,4,0,2,2,0,2,2,2,3,3,3,3,3,4,4,5,1,5,2,4,4,0,4,4,0,1,5,4,2,5,5,3,5,B
0,1,1,1,0,1,1,0,3,2,0,0,4,1,0,0,2,2,5,1,4,0,2,2,0,2,2,2,3,3,3,3,3,5,3,3,1,5,5,4,4,4,4,4,4,3,2,1,5,5,5,5,5,U
5,1,4,1,0,1,1,0,3,0,4,2,2,1,0,2,0,0,1,5,5,0,2,2,0,2,2,2,3,3,3,3,3,5,3,3,3,2,1,4,4,4,4,4,4,0,1,1,5,5,5,5,5,B'
5,1,4,3,0,1,3,0,3,1,1,5,2,1,0,2,0,0,1,5,5,0,2,2,0,2,2,2,3,3,3,3,3,4,4,1,3,2,0,4,4,4,4,4,2,1,5,4,1,5,5,0,5,U2
3,2,0,3,0,1,3,0,3,0,0,2,0,1,2,5,1,1,1,5,4,0,2,2,0,2,2,2,3,3,3,3,3,4,4,1,5,1,4,4,4,4,4,4,2,1,5,5,1,5,5,0,5,B
2,2,0,0,0,1,0,0,3,4,4,2,0,1,2,5,1,1,1,5,4,0,2,2,0,2,2,2,3,3,3,3,3,3,3,3,5,1,1,4,4,4,4,4,4,0,1,1,5,5,5,5,5,U'
0,1,1,0,0,1,0,0,3,2,2,1,4,1,1,4,0,5,2,2,0,0,2,2,0,2,2,2,3,3,3,3,3,3,3,3,1,5,4,4,4,4,4,4,4,5,1,1,5,5,5,5,5,F
0,1,2,0,0,3,0,0,3,2,2,1,4,1,1,3,1,1,0,0,2,2,2,2,2,2,0,4,4,1,3,3,3,3,3,3,4,5,4,0,4,4,5,4,4,5,1,1,5,5,5,5,5,U'
5,1,1,0,0,3,0,0,3,1,1,1,2,1,1,2,4,3,0,1,2,2,2,2,2,2,0,4,4,1,3,3,3,3,3,3,0,0,2,0,4,4,5,4,4,4,5,4,5,5,5,5,5,F'
5,1,3,0,0,4,0,0,2,1,1,1,2,1,1,0,0,5,2,2,0,1,2,2,0,2,2,1,3,3,3,3,3,3,3,3,1,0,2,4,4,4,4,4,4,4,5,4,5,5,5,5,5,U
2,2,0,0,0,4,0,0,2,0,2,1,0,1,1,5,1,1,1,0,2,1,2,2,0,2,2,1,3,3,3,3,3,3,3,3,4,5,4,4,4,4,4,4,4,5,1,3,5,5,5,5,5,F
2,2,1,0,0,3,0,0,3,0,2,1,0,1,1,2,4,0,0,1,1,2,2,0,2,2,2,4,4,4,3,3,3,3,3,3,5,5,4,1,4,4,1,4,4,5,1,3,5,5,5,5,5,U'
5,1,3,0,0,3,0,0,3,1,1,0,2,1,4,0,0,2,2,2,1,2,2,0,2,2,2,4,4,4,3,3,3,3,3,3,0,1,1,1,4,4,1,4,4,5,5,4,5,5,5,5,5,F'
5,1,2,0,0,0,0,0,0,1,1,0,2,1,4,0,1,1,1,0,2,2,2,2,2,2,2,3,3,3,3,3,3,3,3,3,4,1,1,4,4,4,4,4,4,5,5,4,5,5,5,5,5,B
0,1,2,1,0,0,1,0,0,1,4,4,2,1,4,0,1,1,1,0,2,2,2,2,2,2,2,3,3,3,3,3,3,5,0,0,4,1,3,4,4,3,4,4,3,5,5,5,5,5,5,5,5,L'
2,0,0,1,0,0,0,1,1,1,4,4,2,1,4,2,1,1,3,0,2,3,2,2,5,2,2,4,3,3,5,3,3,5,0,0,4,1,3,4,4,3,4,4,3,5,5,0,5,5,2,5,5,B'
5,0,0,0,0,0,0,1,1,0,1,2,2,1,4,2,1,1,3,0,2,3,2,2,5,2,2,4,3,3,5,3,3,3,3,3,4,1,1,4,4,4,4,4,4,0,2,1,5,5,5,5,5,U'
0,2,1,0,0,0,0,1,1,2,4,1,1,1,1,0,2,2,5,0,0,3,2,2,5,2,2,4,3,3,5,3,3,3,3,3,3,0,2,4,4,4,4,4,4,4,1,1,5,5,5,5,5,B
1,2,1,4,0,0,2,1,1,2,4,4,1,1,1,0,2,2,5,0,0,3,2,2,5,2,2,4,3,3,5,3,3,0,0,0,3,0,3,4,4,3,4,4,3,5,5,4,5,5,1,5,5,U
5,0,0,4,0,0,2,1,1,0,1,2,2,1,4,2,1,4,3,0,3,3,2,2,5,2,2,4,3,3,5,3,3,0,0,0,5,5,4,4,4,3,4,4,3,1,2,1,5,5,1,5,5,L
2,4,5,1,0,0,1,0,0,1,1,2,1,1,4,1,1,4,0,0,3,2,2,2,2,2,2,3,3,3,3,3,3,5,0,0,5,5,4,4,4,3,4,4,3,1,2,0,5,5,5,5,5,U'
1,2,0,1,0,0,1,0,0,2,4,4,1,1,1,1,1,1,2,4,5,2,2,2,2,2,2,3,3,3,3,3,3,5,0,0,0,0,3,4,4,3,4,4,3,5,5,4,5,5,5,5,5,B'
5,2,0,0,0,0,0,0,0,1,1,1,1,1,1,1,1,1,2,4,5,2,2,2,2,2,2,3,3,3,3,3,3,3,3,3,0,0,2,4,4,4,4,4,4,4,5,4,5,5,5,5,5,U2
0,0,2,0,0,0,0,0,0,1,1,1,1,1,1,1,1,1,4,5,4,2,2,2,2,2,2,3,3,3,3,3,3,3,3,3,5,2,0,4,4,4,4,4,4,2,4,5,5,5,5,5,5,B2
4,0,2,4,0,0,0,0,0,3,3,3,1,1,1,1,1,1,4,5,4,2,2,2,2,2,2,3,3,3,3,3,3,1,1,1,5,2,0,4,4,0,4,4,0,5,5,5,5,5,5,5,4,D'
4,0,2,4,0,0,2,2,2,3,3,3,1,1,1,1,1,1,4,5,4,2,2,2,4,4,0,3,3,1,3,3,1,3,3,1,5,2,0,4,4,0,5,4,2,5,5,5,5,5,5,0,0,R
4,0,2,4,0,0,2,2,2,3,3,4,1,1,2,1,1,0,4,5,1,2,2,1,4,4,1,3,3,0,3,3,5,3,3,5,5,4,5,4,4,2,2,0,0,1,5,5,1,5,5,3,0,U'
1,5,5,4,0,0,2,2,2,4,2,0,3,1,1,3,1,1,4,0,2,2,2,1,4,4,1,3,3,0,3,3,5,3,3,5,4,5,1,4,4,2,2,0,0,5,4,5,1,5,5,3,0,R
1,5,5,4,0,0,2,2,2,4,2,2,3,1,1,3,1,1,4,0,0,2,2,5,4,4,5,3,3,3,3,3,1,3,3,5,2,4,4,0,4,5,0,2,1,1,4,5,1,5,5,0,0,U
4,0,0,4,0,0,2,2,2,3,3,4,1,1,2,1,1,2,2,4,4,2,2,5,4,4,5,3,3,3,3,3,1,3,3,5,1,4,5,0,4,5,0,2,1,1,5,5,1,5,5,0,0,R'
4,0,0,4,0,0,2,2,2,3,3,0,1,1,1,1,1,1,2,4,4,2,2,2,4,4,2,3,3,4,3,3,5,3,3,5,5,5,1,4,4,2,1,0,0,5,5,5,1,5,5,3,0,D
4,0,0,4,0,0,3,0,0,3,3,0,1,1,1,1,1,1,2,4,4,2,2,2,2,2,2,3,3,3,3,3,3,5,5,4,5,5,1,4,4,2,4,4,2,5,5,5,1,5,5,1,0,B2
2,0,0,2,0,0,1,0,0,4,5,5,1,1,1,1,1,1,2,4,4,2,2,2,2,2,2,3,3,3,3,3,3,0,3,3,5,5,3,4,4,4,4,4,4,0,0,1,5,5,1,5,5,L
1,2,2,0,0,0,0,0,0,5,5,5,1,1,1,1,1,1,4,4,4,1,2,2,1,2,2,2,3,3,2,3,3,2,3,3,5,5,3,4,4,4,4,4,4,0,0,0,5,5,3,5,5,U'
0,0,0,0,0,0,0,0,0,5,1,1,5,1,1,5,1,1,1,2,2,1,2,2,1,2,2,2,3,3,2,3,3,2,3,3,4,4,4,4,4,4,4,4,4,5,5,3,5,5,3,5,5,L'
0,0,0,0,0,0,0,0,0,1,1,1,1,1,1,1,1,1,2,2,2,2,2,2,2,2,2,3,3,3,3,3,3,3,3,3,4,4,4,4,4,4,4,4,4,5,5,5,5,5,5,5,5,#
5,1,4,2,0,0,2,4,2,1,3,2,5,1,3,3,4,0,2,5,5,5,2,4,1,2,3,4,0,5,2,3,0,3,1,1,3,5,1,1,4,3,4,3,0,0,4,4,2,5,1,5,0,B2
0,1,4,3,0,0,1,4,2,1,1,3,5,1,3,3,4,0,2,5,5,5,2,4,1,2,3,4,0,5,2,3,0,2,3,1,3,5,2,1,4,2,4,3,5,0,0,5,1,5,2,4,4,R'
0,1,4,3,0,0,1,4,2,1,1,4,5,1,1,3,4,0,2,5,3,5,2,3,1,2,0,4,0,5,2,3,4,2,3,3,2,2,5,5,4,3,3,1,4,1,0,5,0,5,2,5,4,D
0,1,4,3,0,0,5,4,0,1,1,4,5,1,1,3,4,0,2,5,3,5,2,3,1,4,2,2,2,4,3,3,0,3,4,5,2,2,5,5,4,3,1,2,0,1,0,5,0,5,2,3,1,B
4,1,4,1,0,0,1,4,0,5,3,0,5,1,1,3,4,0,2,5,3,5,2,3,1,4,2,2,2,4,3,3,0,0,3,5,2,2,5,5,4,4,1,2,3,3,0,1,1,5,0,4,2,D
4,1,4,1,0,0,4,2,5,5,3,0,5,1,1,3,4,0,2,5,3,5,2,3,1,4,0,0,3,2,3,3,2,5,0,4,2,2,5,5,4,4,1,4,2,3,0,1,1,5,0,1,2,R'
4,1,4,1,0,0,4,2,5,5,3,1,5,1,1,3,4,3,2,5,0,5,2,1,1,4,0,0,3,3,3,3,3,5,0,0,5,4,2,2,4,4,2,5,1,4,0,1,2,5,0,2,2,B2
1,1,4,4,0,0,2,2,5,0,0,5,5,1,1,3,4,3,2,5,0,5,2,1,1,4,0,0,3,3,3,3,3,1,3,5,5,4,4,2,4,1,2,5,4,3,2,2,0,5,2,1,0,D
1,1,4,4,0,0,1,0,4,0,0,5,5,1,1,3,4,3,2,5,0,5,2,1,2,2,5,1,3,0,3,3,3,5,3,3,5,4,4,2,4,1,1,4,0,3,2,2,0,5,2,2,5,U
2,5,0,4,0,0,1,0,4,3,5,0,4,1,0,3,1,5,5,4,4,5,2,1,2,2,5,1,3,0,3,3,3,5,3,3,3,2,2,2,4,1,1,4,0,1,1,4,0,5,2,2,5,L
1,4,2,0,0,5,4,0,0,4,5,0,2,1,0,4,1,5,3,4,4,4,2,1,3,2,5,5,3,0,5,3,3,2,3,3,3,2,2,2,4,1,1,4,0,1,1,5,0,5,3,2,5,U2
3,2,2,0,0,5,4,0,0,5,1,4,0,1,2,0,5,4,1,1,5,4,2,1,3,2,5,5,3,0,5,3,3,2,3,3,1,4,2,2,4,1,1,4,0,3,4,4,0,5,3,2,5,L'
2,5,0,2,0,0,3,0,4,1,1,4,4,1,2,3,5,4,5,1,5,5,2,1,2,2,5,1,3,0,3,3,3,4,3,3,1,4,2,2,4,1,1,4,0,3,4,0,0,5,0,2,5,B'
4,5,0,3,0,0,3,0,4,3,2,2,4,1,2,3,5,4,5,1,5,5,2,1,2,2,5,1,3,0,3,3,3,0,1,2,1,4,1,2,4,1,1,4,4,0,0,5,4,5,5,3,0,U2
1,4,1,3,0,0,3,0,4,4,5,3,2,1,4,2,2,3,0,0,5,5,2,1,2,2,5,1,3,0,3,3,3,0,1,2,4,5,0,2,4,1,1,4,4,5,1,5,4,5,5,3,0,B
3,4,1,5,0,0,4,0,4,0,1,4,2,1,4,2,2,3,0,0,5,5,2,1,2,2,5,1,3,0,3,3,3,1,3,3,4,5,2,2,4,1,1,4,0,3,4,5,0,5,1,2,5,U
0,0,5,5,0,0,4,0,4,2,2,0,2,1,1,3,4,4,4,5,2,5,2,1,2,2,5,1,3,0,3,3,3,1,3,3,3,4,5,2,4,1,1,4,0,3,4,1,0,5,1,2,5,R
0,0,5,5,0,0,4,0,4,2,2,2,2,1,1,3,4,5,4,5,0,5,2,3,2,2,3,1,3,2,3,3,0,1,3,3,1,2,3,4,4,4,0,1,5,4,4,1,1,5,1,0,5,U
4,5,0,5,0,0,4,0,4,3,2,2,4,1,2,5,1,2,1,2,3,5,2,3,2,2,3,1,3,2,3,3,0,1,3,3,4,4,1,4,4,4,0,1,5,0,0,5,1,5,1,0,5,R'
4,5,0,5,0,0,4,0,4,3,2,0,4,1,1,5,1,0,1,2,2,5,2,2,2,2,2,1,3,3,3,3,3,1,3,3,1,4,5,4,4,1,4,4,0,3,0,5,0,5,1,2,5,U
1,2,2,5,0,0,4,0,4,5,4,3,1,1,2,0,1,0,1,4,5,5,2,2,2,2,2,1,3,3,3,3,3,1,3,3,3,0,5,4,4,1,4,4,0,4,5,0,0,5,1,2,5,B
3,2,2,4,0,0,5,0,4,5,1,0,1,1,2,0,1,0,1,4,5,5,2,2,2,2,2,1,3,3,3,3,3,1,5,4,3,0,3,4,4,3,4,4,1,2,0,4,5,5,5,5,1,U2
3,0,3,4,0,0,5,0,4,0,1,0,2,1,1,0,1,5,2,0,4,5,2,2,2,2,2,1,3,3,3,3,3,1,5,4,3,2,2,4,4,3,4,4,1,1,4,5,5,5,5,5,1,B'
1,0,3,5,0,0,4,0,4,5,4,3,2,1,1,0,1,5,2,0,4,5,2,2,2,2,2,1,3,3,3,3,3,1,3,2,3,2,0,4,4,1,4,4,0,5,5,0,4,5,1,1,5,U'
5,5,0,5,0,0,4,0,4,3,1,5,4,1,1,5,2,0,1,0,3,5,2,2,2,2,2,1,3,3,3,3,3,1,3,2,2,0,4,4,4,1,4,4,0,3,2,0,4,5,1,1,5,B
5,5,0,1,0,0,3,0,4,4,1,0,4,1,1,5,2,0,1,0,3,5,2,2,2,2,2,1,3,3,3,3,3,5,5,4,2,0,2,4,4,3,4,4,1,1,4,3,5,5,2,5,1,U
1,0,3,1,0,0,3,0,4,5,4,4,2,1,1,0,1,0,2,0,2,5,2,2,2,2,2,1,3,3,3,3,3,5,5,4,1,4,3,4,4,3,4,4,1,5,5,0,5,5,2,5,1,B'
5,0,3,5,0,0,4,0,4,3,1,1,2,1,1,0,1,0,2,0,2,5,2,2,2,2,2,1,3,3,3,3,3,1,3,3,1,4,5,4,4,4,4,4,4,0,2,0,5,5,1,5,5,F
5,0,1,5,0,3,4,0,3,3,1,1,2,1,1,4,0,3,2,5,2,2,2,0,2,2,2,4,4,1,3,3,3,1,3,3,0,4,5,1,4,4,0,4,4,0,2,0,5,5,1,5,5,U2
0,4,5,5,0,3,4,0,3,3,0,4,1,1,2,1,1,3,0,2,0,2,2,0,2,2,2,4,4,1,3,3,3,1,3,3,5,0,1,1,4,4,0,4,4,2,5,2,5,5,1,5,5,F'
0,4,3,5,0,1,4,0,1,3,0,4,1,1,2,5,1,0,0,0,2,2,2,2,0,2,2,5,3,3,3,3,3,1,3,3,1,0,1,4,4,4,4,4,4,2,5,2,5,5,1,5,5,U
0,0,2,5,0,1,4,0,1,5,1,3,1,1,0,0,2,4,1,0,1,2,2,2,0,2,2,5,3,3,3,3,3,1,3,3,2,5,2,4,4,4,4,4,4,0,4,3,5,5,1,5,5,B'
1,0,2,3,0,1,3,0,1,4,5,0,1,1,0,0,2,4,1,0,1,2,2,2,0,2,2,5,3,3,3,3,3,4,4,2,2,5,5,4,4,1,4,4,3,3,1,5,4,5,5,0,5,U'
3,1,5,3,0,1,3,0,1,0,0,4,5,1,2,4,1,0,1,0,2,2,2,2,0,2,2,5,3,3,3,3,3,4,4,2,1,0,1,4,4,1,4,4,3,2,5,5,4,5,5,0,5,B
4,1,5,0,0,1,0,0,1,1,1,3,5,1,2,4,1,0,1,0,2,2,2,2,0,2,2,5,3,3,3,3,3,3,3,3,1,0,2,4,4,4,4,4,4,0,4,2,5,5,5,5,5,U2
1,0,2,0,0,1,0,0,1,0,1,4,2,1,5,3,1,1,0,4,2,2,2,2,0,2,2,5,3,3,3,3,3,3,3,3,4,1,5,4,4,4,4,4,4,1,0,2,5,5,5,5,5,L'
2,1,1,0,0,0,1,0,0,0,1,4,2,1,5,0,1,1,5,4,2,3,2,2,3,2,2,5,3,3,5,3,3,2,3,3,4,1,5,4,4,4,4,4,4,1,0,3,5,5,2,5,5,U2
4,1,5,0,0,0,1,0,0,1,1,0,5,1,2,4,1,0,1,0,3,3,2,2,3,2,2,5,3,3,5,3,3,2,3,3,2,1,1,4,4,4,4,4,4,5,4,2,5,5,2,5,5,L
1,0,4,0,0,1,0,0,5,0,1,0,2,1,2,2,1,0,1,0,3,5,2,2,4,2,2,1,3,3,3,3,3,3,3,3,2,1,1,4,4,4,4,4,4,5,4,2,5,5,5,5,5,U
1,0,3,0,0,1,0,0,5,2,2,0,1,1,1,0,2,0,2,1,1,5,2,2,4,2,2,1,3,3,3,3,3,3,3,3,5,4,2,4,4,4,4,4,4,1,0,4,5,5,5,5,5,L'
3,1,5,0,0,0,1,0,0,2,2,0,5,1,1,4,2,0,1,1,1,3,2,2,3,2,2,5,3,3,5,3,3,4,3,3,5,4,2,4,4,4,4,4,4,1,0,0,5,5,1,5,5,U'
1,0,0,0,0,0,1,0,0,0,1,0,2,1,2,2,5,4,3,1,5,3,2,2,3,2,2,5,3,3,5,3,3,4,3,3,1,1,1,4,4,4,4,4,4,5,4,2,5,5,1,5,5,L
1,0,1,0,0,0,0,0,0,2,1,0,1,1,2,2,5,4,0,1,5,2,2,2,2,2,2,3,3,3,3,3,3,3,3,3,1,1,1,4,4,4,4,4,4,5,4,4,5,5,5,5,5,U'
5,4,4,0,0,0,0,0,0,0,2,4,1,1,5,2,1,2,1,0,1,2,2,2,2,2,2,3,3,3,3,3,3,3,3,3,0,1,5,4,4,4,4,4,4,1,1,1,5,5,5,5,5,B'
3,4,4,3,0,0,3,0,0,0,0,5,1,1,5,2,1,2,1,0,1,2,2,2,2,2,2,3,3,3,3,3,3,4,4,5,0,1,0,4,4,2,4,4,4,1,5,5,1,5,5,1,5,R'
3,4,4,3,0,0,3,0,0,0,0,1,1,1,1,2,1,1,1,0,5,2,2,5,2,2,2,3,3,1,3,3,2,4,4,2,0,2,4,1,4,4,0,4,4,5,5,5,3,5,5,3,5,F
3,4,3,3,0,3,3,0,1,0,0,1,1,1,1,0,0,4,2,2,1,2,2,0,2,5,5,0,1,0,3,3,2,4,4,2,2,2,4,1,4,4,1,4,4,5,5,5,3,5,5,3,5,R'
3,4,3,3,0,3,3,0,1,0,0,3,1,1,3,0,0,5,2,2,1,2,2,1,2,5,4,0,1,1,3,3,0,4,4,5,4,4,4,2,4,4,2,1,1,2,5,5,2,5,5,0,5,F'
3,4,5,3,0,0,3,0,0,0,0,3,1,1,3,4,2,2,1,1,4,2,2,5,2,2,2,3,3,1,3,3,0,4,4,5,1,4,4,1,4,4,0,1,1,2,5,5,2,5,5,0,5,R
3,4,5,3,0,0,3,0,0,0,0,4,1,1,5,4,2,2,1,1,1,2,2,0,2,2,5,3,3,0,3,3,2,4,4,2,0,1,1,1,4,4,1,4,4,2,5,5,3,5,5,3,5,F
3,4,3,3,0,3,3,0,0,0,0,4,1,1,5,0,0,5,2,2,1,2,2,1,5,0,1,1,1,0,3,3,2,4,4,2,4,1,1,2,4,4,2,4,4,2,5,5,3,5,5,3,5,R'
3,4,3,3,0,3,3,0,0,0,0,3,1,1,3,0,0,2,2,2,4,2,2,5,5,0,5,1,1,1,3,3,1,4,4,1,1,4,4,1,4,4,4,2,2,2,5,5,2,5,5,0,5,F'
3,4,2,3,0,0,3,0,0,0,0,3,1,1,3,1,1,4,4,5,5,2,2,0,2,2,5,3,3,0,3,3,1,4,4,1,1,4,4,1,4,4,1,2,2,2,5,5,2,5,5,0,5,R2
3,4,2,3,0,0,3,0,0,0,0,0,1,1,1,1,1,1,4,5,0,2,2,2,2,2,2,3,3,3,3,3,3,4,4,4,2,2,1,4,4,1,4,4,1,5,5,5,0,5,5,5,5,B
0,4,2,0,0,0,0,0,0,1,1,1,1,1,1,1,1,1,4,5,0,2,2,2,2,2,2,3,3,3,3,3,3,3,3,3,2,2,4,4,4,4,4,4,4,5,0,5,5,5,5,5,5,U
4,5,0,0,0,0,0,0,0,1,1,1,1,1,1,1,1,1,2,2,4,2,2,2,2,2,2,3,3,3,3,3,3,3,3,3,5,0,5,4,4,4,4,4,4,0,4,2,5,5,5,5,5,L2
0,0,0,0,0,0,0,5,4,3,1,1,3,1,1,3,1,1,5,2,4,5,2,2,2,2,2,1,3,3,1,3,3,1,3,3,5,0,5,4,4,4,4,4,4,0,4,2,5,5,2,5,5,D'
0,0,0,0,0,0,2,2,2,3,1,1,3,1,1,3,1,1,5,2,4,5,2,2,4,4,4,3,3,3,3,3,3,1,1,1,5,0,5,4,4,4,5,5,2,0,4,2,5,5,2,0,5,B
1,0,0,1,0,0,3,2,2,5,4,2,3,1,1,3,1,1,5,2,4,5,2,2,4,4,4,3,3,3,3,3,3,0,0,2,5,0,1,4,4,1,5,5,1,0,5,0,5,5,4,4,2,U'
0,5,0,1,0,0,3,2,2,2,1,1,4,1,1,5,3,3,1,0,0,5,2,2,4,4,4,3,3,3,3,3,3,0,0,2,5,2,4,4,4,1,5,5,1,5,0,1,5,5,4,4,2,B
1,5,0,1,0,0,2,2,2,4,1,1,4,1,1,5,3,3,1,0,0,5,2,2,4,4,4,3,3,3,3,3,3,0,1,3,5,2,2,4,4,0,5,5,0,4,5,5,2,5,0,2,4,U
1,0,0,1,0,0,2,2,2,5,4,4,3,1,1,3,1,1,5,2,2,5,2,2,4,4,4,3,3,3,3,3,3,0,1,3,4,5,5,4,4,0,5,5,0,1,5,0,2,5,0,2,4,B'
0,0,0,1,0,0,3,2,2,2,1,1,3,1,1,3,1,1,5,2,2,5,2,2,4,4,4,3,3,3,3,3,3,0,0,5,4,5,5,4,4,4,5,5,4,0,0,1,5,5,4,1,2,D
0,0,0,1,0,0,1,2,2,2,1,1,3,1,1,3,1,1,5,2,2,5,2,2,3,2,2,0,3,3,0,3,3,5,3,3,4,5,5,4,4,4,4,4,4,0,0,1,5,5,4,5,5,L2
2,2,1,0,0,1,0,0,0,0,1,1,0,1,1,5,1,1,4,2,2,4,2,2,1,2,2,2,3,3,3,3,3,3,3,3,4,5,5,4,4,4,4,4,4,0,0,3,5,5,5,5,5,F
2,2,2,0,0,3,0,0,3,0,1,1,0,1,1,0,1,1,1,4,4,2,2,2,2,2,2,4,4,4,3,3,3,3,3,3,5,5,5,1,4,4,1,4,4,0,0,3,5,5,5,5,5,U'
0,0,3,0,0,3,0,0,3,1,1,1,1,1,1,0,0,0,2,2,2,2,2,2,2,2,2,4,4,4,3,3,3,3,3,3,1,4,4,1,4,4,1,4,4,5,5,5,5,5,5,5,5,F'
0,0,0,0,0,0,0,0,0,1,1,1,1,1,1,1,1,1,2,2,2,2,2,2,2,2,2,3,3,3,3,3,3,3,3,3,4,4,4,4,4,4,4,4,4,5,5,5,5,5,5,5,5,#
2,4,4,5,0,0,1,1,0,4,0,2,5,1,2,1,4,0,5,1,5,3,2,4,1,2,2,2,3,3,5,3,2,0,4,5,3,0,0,2,4,3,4,1,3,3,1,1,5,5,0,4,3,B
2,4,4,0,0,0,4,1,0,0,3,3,5,1,2,1,4,0,5,1,5,3,2,4,1,2,2,2,3,3,5,3,2,2,5,1,3,0,5,2,4,4,4,1,0,4,5,3,3,5,1,5,0,R
2,4,4,0,0,0,4,1,0,0,3,5,5,1,4,1,4,2,5,1,3,3,2,2,1,2,1,2,3,5,5,3,3,2,5,4,4,2,3,1,4,0,0,4,5,0,5,3,2,5,1,3,0,B2
5,4,4,0,0,0,3,1,0,4,5,2,5,1,4,1,4,2,5,1,3,3,2,2,1,2,1,2,3,5,5,3,3,5,3,0,4,2,4,1,4,0,0,4,2,1,0,3,1,5,2,3,5,D2
5,4,4,0,0,0,0,4,2,4,5,2,5,1,4,1,4,2,5,1,3,3,2,2,3,5,0,0,3,5,3,3,5,5,3,2,4,2,4,1,4,0,3,1,0,1,0,3,1,5,2,1,2,F2
5,4,3,0,0,1,0,4,4,4,5,2,5,1,4,5,3,0,0,5,3,2,2,3,3,1,5,2,4,1,3,3,5,5,3,2,2,2,4,0,4,0,4,1,0,1,0,3,1,5,2,1,2,R'
5,4,3,0,0,1,0,4,4,4,5,1,5,1,1,5,3,1,0,5,2,2,2,4,3,1,0,2,4,3,3,3,3,5,3,5,4,0,0,2,4,1,2,0,4,2,0,3,5,5,2,1,2,F2
5,4,2,0,0,2,0,4,4,4,5,1,5,1,1,3,4,2,0,1,3,4,2,2,2,5,0,1,3,5,3,3,3,5,3,5,4,0,0,1,4,1,3,0,4,2,0,3,5,5,2,1,2,D2
5,4,2,0,0,2,3,0,4,4,5,1,5,1,1,3,4,2,0,1,3,4,2,2,1,2,1,5,3,5,3,3,3,5,3,1,4,0,0,1,4,1,0,4,4,2,0,3,5,5,2,2,5,F
5,4,5,0,0,3,3,0,5,4,5,1,5,1,1,4,2,2,1,4,0,2,2,1,1,2,3,0,1,4,3,3,3,5,3,1,3,0,0,4,4,1,2,4,4,2,0,3,5,5,2,2,5,U'
2,0,3,0,0,3,3,0,5,1,1,2,5,1,2,4,5,4,5,4,5,2,2,1,1,2,3,0,1,4,3,3,3,5,3,1,1,4,0,4,4,1,2,4,4,3,0,0,5,5,2,2,5,F'
2,0,4,0,0,5,3,0,4,1,1,2,5,1,2,1,4,2,5,1,3,4,2,2,5,2,1,3,3,5,3,3,3,5,3,1,4,4,0,1,4,1,0,4,4,3,0,0,5,5,2,2,5,U
5,1,3,0,0,5,3,0,4,1,5,1,4,1,1,2,2,2,4,4,0,4,2,2,5,2,1,3,3,5,3,3,3,5,3,1,3,0,0,1,4,1,0,4,4,2,0,4,5,5,2,2,5,R
5,1,3,0,0,5,3,0,4,1,5,0,4,1,2,2,2,1,4,4,5,4,2,3,5,2,1,3,3,2,3,3,5,5,3,2,0,1,3,4,4,0,4,1,0,2,0,4,1,5,2,1,5,U'
2,0,4,0,0,5,3,0,4,0,2,1,5,1,2,1,4,2,5,1,3,4,2,3,5,2,1,3,3,2,3,3,5,5,3,2,4,4,5,4,4,0,4,1,0,0,1,3,1,5,2,1,5,R'
2,0,4,0,0,5,3,0,4,0,2,1,5,1,1,1,4,0,5,1,1,4,2,2,5,2,2,3,3,3,3,3,3,5,3,1,5,0,0,4,4,1,4,4,4,2,1,3,5,5,2,2,5,F
2,0,3,0,0,3,3,0,3,0,2,1,5,1,1,4,5,4,5,4,5,2,2,1,2,2,1,4,4,5,3,3,3,5,3,1,1,0,0,4,4,1,0,4,4,2,1,3,5,5,2,2,5,U
5,4,5,0,0,3,3,0,3,4,5,0,5,1,2,4,1,1,1,0,0,2,2,1,2,2,1,4,4,5,3,3,3,5,3,1,2,1,3,4,4,1,0,4,4,2,0,3,5,5,2,2,5,F'
5,4,1,0,0,1,3,0,4,4,5,0,5,1,2,2,4,0,0,1,1,0,2,2,1,2,2,5,3,3,3,3,3,5,3,1,5,1,3,4,4,1,4,4,4,2,0,3,5,5,2,2,5,U2
5,1,3,0,0,1,3,0,4,0,4,2,2,1,5,0,5,4,2,0,3,0,2,2,1,2,2,5,3,3,3,3,3,5,3,1,5,4,1,4,4,1,4,4,4,0,1,1,5,5,2,2,5,F
5,1,5,0,0,3,3,0,3,0,4,2,2,1,5,4,1,3,1,0,2,2,2,0,2,2,3,4,4,5,3,3,3,5,3,1,0,4,1,5,4,1,4,4,4,0,1,1,5,5,2,2,5,U2
0,4,1,0,0,3,3,0,3,3,1,4,5,1,2,2,4,0,0,1,1,2,2,0,2,2,3,4,4,5,3,3,3,5,3,1,5,1,5,5,4,1,4,4,4,1,0,2,5,5,2,2,5,F'
0,4,0,0,0,4,3,0,2,3,1,4,5,1,2,5,5,4,1,0,3,1,2,2,0,2,2,1,3,3,3,3,3,5,3,1,5,1,5,4,4,1,4,4,4,1,0,2,5,5,2,2,5,U'
1,0,2,0,0,4,3,0,2,4,2,4,1,1,5,3,5,5,0,4,0,1,2,2,0,2,2,1,3,3,3,3,3,5,3,1,1,0,3,4,4,1,4,4,4,5,1,5,5,5,2,2,5,R'
1,0,2,0,0,4,3,0,2,4,2,2,1,1,5,3,5,5,0,4,4,1,2,5,0,2,5,1,3,0,3,3,2,5,3,2,3,1,4,0,4,4,1,4,4,1,1,5,3,5,2,3,5,U'
1,1,5,0,0,4,3,0,2,2,5,5,2,1,5,4,1,3,1,0,2,1,2,5,0,2,5,1,3,0,3,3,2,5,3,2,0,4,4,0,4,4,1,4,4,3,1,4,3,5,2,3,5,R
1,1,5,0,0,4,3,0,2,2,5,2,2,1,5,4,1,5,1,0,0,1,2,2,0,2,2,1,3,3,3,3,3,5,3,3,1,0,0,4,4,4,4,4,4,3,1,4,5,5,2,5,5,B'
5,1,5,3,0,4,3,0,2,3,0,1,2,1,5,4,1,5,1,0,0,1,2,2,0,2,2,1,3,3,3,3,3,4,4,0,1,0,2,4,4,5,4,4,2,4,2,0,1,5,5,3,5,U
1,0,0,3,0,4,3,0,2,4,2,3,1,1,0,5,5,1,1,0,2,1,2,2,0,2,2,1,3,3,3,3,3,4,4,0,4,2,0,4,4,5,4,4,2,5,1,5,1,5,5,3,5,B
3,0,0,2,0,4,4,0,2,0,5,2,1,1,0,5,5,1,1,0,2,1,2,2,0,2,2,1,3,3,3,3,3,1,3,3,4,2,0,4,4,4,4,4,4,3,1,5,5,5,1,5,5,L
4,2,3,0,0,0,2,4,0,5,5,2,1,1,0,5,5,1,0,0,2,1,2,2,5,2,2,1,3,3,1,3,3,0,3,3,4,2,0,4,4,4,4,4,4,3,1,1,5,5,3,5,5,U
0,0,2,0,0,0,2,4,0,5,1,5,5,1,5,1,0,2,4,2,0,1,2,2,5,2,2,1,3,3,1,3,3,0,3,3,3,1,1,4,4,4,4,4,4,4,2,3,5,5,3,5,5,L'
2,0,0,0,0,4,0,0,2,4,1,5,1,1,5,5,0,2,1,2,0,1,2,2,0,2,2,1,3,3,3,3,3,3,3,3,3,1,1,4,4,4,4,4,4,4,2,1,5,5,5,5,5,U2
3,1,1,0,0,4,0,0,2,2,0,5,5,1,1,5,1,4,4,2,1,1,2,2,0,2,2,1,3,3,3,3,3,3,3,3,2,0,0,4,4,4,4,4,4,1,2,0,5,5,5,5,5,L'
1,4,2,1,0,0,3,0,0,4,0,5,1,1,1,0,1,4,1,2,1,3,2,2,3,2,2,5,3,3,5,3,3,0,3,3,2,0,0,4,4,4,4,4,4,1,2,5,5,5,5,5,5,U2
2,0,0,1,0,0,3,0,0,4,1,0,1,1,1,5,0,4,1,2,5,3,2,2,3,2,2,5,3,3,5,3,3,0,3,3,1,4,2,4,4,4,4,4,4,1,2,1,5,5,5,5,5,L
3,1,2,0,0,0,0,0,0,2,1,0,5,1,1,1,0,4,4,2,5,1,2,2,5,2,2,1,3,3,3,3,3,3,3,3,1,4,2,4,4,4,4,4,4,1,2,0,5,5,5,5,5,U'
1,2,0,0,0,0,0,0,0,0,1,4,1,1,0,2,5,1,3,1,2,1,2,2,5,2,2,1,3,3,3,3,3,3,3,3,4,2,5,4,4,4,4,4,4,1,4,2,5,5,5,5,5,F
1,2,1,0,0,3,0,0,3,0,1,4,1,1,0,0,0,0,5,1,3,2,2,1,2,2,2,4,4,4,3,3,3,3,3,3,2,2,5,5,4,4,1,4,4,1,4,2,5,5,5,5,5,U
5,1,3,0,0,3,0,0,3,0,1,0,0,1,1,0,0,4,2,2,5,2,2,1,2,2,2,4,4,4,3,3,3,3,3,3,1,4,2,5,4,4,1,4,4,1,2,1,5,5,5,5,5,F'
5,1,4,0,0,0,0,0,0,0,1,0,0,1,1,1,5,1,5,1,2,2,2,2,2,2,2,3,3,3,3,3,3,3,3,3,4,4,2,4,4,4,4,4,4,1,2,1,5,5,5,5,5,U'
1,2,1,0,0,0,0,0,0,0,1,1,1,1,5,0,0,1,5,1,4,2,2,2,2,2,2,3,3,3,3,3,3,3,3,3,5,1,2,4,4,4,4,4,4,4,4,2,5,5,5,5,5,B'
3,2,1,3,0,0,3,0,0,0,0,1,1,1,5,0,0,1,5,1,4,2,2,2,2,2,2,3,3,3,3,3,3,4,4,2,5,1,0,4,4,1,4,4,1,2,5,5,4,5,5,4,5,U
5,1,4,3,0,0,3,0,0,0,1,0,0,1,0,1,5,1,5,1,0,2,2,2,2,2,2,3,3,3,3,3,3,4,4,2,2,5,5,4,4,1,4,4,1,3,2,1,4,5,5,4,5,B
0,1,4,1,0,0,0,0,0,5,1,1,0,1,0,1,5,1,5,1,0,2,2,2,2,2,2,3,3,3,3,3,3,5,3,3,2,5,2,4,4,4,4,4,4,4,4,3,5,5,2,5,5,U2
2,5,2,1,0,0,0,0,0,1,5,1,0,1,0,1,1,5,4,4,3,2,2,2,2,2,2,3,3,3,3,3,3,5,3,3,0,1,4,4,4,4,4,4,4,5,1,0,5,5,2,5,5,B'
5,5,2,3,0,0,3,0,0,0,1,2,0,1,0,1,1,5,4,4,3,2,2,2,2,2,2,3,3,3,3,3,3,4,4,4,0,1,1,4,4,5,4,4,1,0,2,1,1,5,5,5,5,U'
0,2,1,3,0,0,3,0,0,2,0,5,1,1,1,0,0,1,5,5,2,2,2,2,2,2,2,3,3,3,3,3,3,4,4,4,4,4,3,4,4,5,4,4,1,0,1,1,1,5,5,5,5,R'
0,2,1,3,0,0,3,0,0,2,0,5,1,1,1,0,0,0,5,5,5,2,2,1,2,2,1,3,3,2,3,3,2,4,4,2,3,5,1,4,4,4,4,4,4,4,1,1,3,5,5,3,5,U
5,5,5,3,0,0,3,0,0,0,1,2,0,1,0,0,1,5,3,5,1,2,2,1,2,2,1,3,3,2,3,3,2,4,4,2,4,1,1,4,4,4,4,4,4,0,2,1,3,5,5,3,5,R
5,5,5,3,0,0,3,0,0,0,1,1,0,1,1,0,1,1,3,5,2,2,2,2,2,2,2,3,3,3,3,3,3,4,4,0,4,4,4,4,4,1,4,4,1,5,2,1,0,5,5,2,5,U
3,5,2,3,0,0,3,0,0,0,0,0,1,1,1,1,1,1,4,4,4,2,2,2,2,2,2,3,3,3,3,3,3,4,4,0,5,2,1,4,4,1,4,4,1,5,5,5,0,5,5,2,5,B
0,5,2,0,0,0,0,0,0,1,1,1,1,1,1,1,1,1,4,4,4,2,2,2,2,2,2,3,3,3,3,3,3,3,3,3,5,2,0,4,4,4,4,4,4,2,0,5,5,5,5,5,5,U'
2,0,5,0,0,0,0,0,0,1,1,1,1,1,1,1,1,1,0,5,2,2,2,2,2,2,2,3,3,3,3,3,3,3,3,3,4,4,4,4,4,4,4,4,4,5,2,0,5,5,5,5,5,L'
5,0,0,0,0,0,2,0,0,0,1,1,2,1,1,2,1,1,3,5,2,3,2,2,3,2,2,5,3,3,5,3,3,0,3,3,4,4,4,4,4,4,4,4,4,5,2,1,5,5,1,5,5,U'
5,2,1,0,0,0,2,0,0,1,1,1,1,1,1,0,2,2,5,0,0,3,2,2,3,2,2,5,3,3,5,3,3,0,3,3,3,5,2,4,4,4,4,4,4,4,4,4,5,5,1,5,5,B'
0,2,1,3,0,0,3,0,0,2,0,5,1,1,1,0,2,2,5,0,0,3,2,2,3,2,2,5,3,3,5,3,3,4,4,2,3,5,1,4,4,1,4,4,1,4,1,1,4,5,5,4,5,L
3,3,0,0,0,2,0,0,1,5,0,5,5,1,1,1,2,2,2,0,0,1,2,2,0,2,2,5,3,3,3,3,3,3,4,2,3,5,1,4,4,1,4,4,1,4,1,4,4,5,5,4,5,U
2,0,0,0,0,2,0,0,1,1,5,5,2,1,0,2,1,5,3,5,1,1,2,2,0,2,2,5,3,3,3,3,3,3,4,2,4,1,4,4,4,1,4,4,1,3,3,0,4,5,5,4,5,L'
0,2,1,0,0,0,2,0,0,3,5,5,1,1,0,0,1,5,5,5,1,3,2,2,3,2,2,5,3,3,5,3,3,0,4,2,4,1,4,4,4,1,4,4,1,3,3,2,4,5,2,4,5,U'
3,3,2,0,0,0,2,0,0,5,0,5,5,1,1,3,1,0,0,2,1,3,2,2,3,2,2,5,3,3,5,3,3,0,4,2,5,5,1,4,4,1,4,4,1,4,1,4,4,5,2,4,5,L'
2,0,0,3,0,0,3,0,2,0,0,5,3,1,1,3,1,0,5,2,1,5,2,2,0,2,2,1,3,3,2,3,3,4,4,2,5,5,1,4,4,1,4,4,1,4,1,3,4,5,5,4,5,B
5,0,0,0,0,0,0,0,2,1,1,1,3,1,1,3,1,0,5,2,1,5,2,2,0,2,2,1,3,3,2,3,3,2,3,3,5,5,2,4,4,4,4,4,4,4,4,4,5,5,1,5,5,L2
2,0,0,0,0,0,0,0,5,1,1,1,2,1,1,2,1,0,3,2,1,1,2,2,4,2,2,1,3,3,3,3,3,3,3,3,5,5,2,4,4,4,4,4,4,4,4,0,5,5,5,5,5,U'
4,4,0,0,0,0,0,0,5,1,1,0,1,1,1,1,2,2,2,0,0,1,2,2,4,2,2,1,3,3,3,3,3,3,3,3,3,2,1,4,4,4,4,4,4,5,5,2,5,5,5,5,5,L'
0,0,5,4,0,0,4,0,0,2,1,0,1,1,1,4,2,2,1,0,0,3,2,2,3,2,2,5,3,3,5,3,3,2,3,3,3,2,1,4,4,4,4,4,4,5,5,1,5,5,1,5,5,U'
5,5,1,4,0,0,4,0,0,0,1,2,1,1,2,2,1,4,0,0,5,3,2,2,3,2,2,5,3,3,5,3,3,2,3,3,1,0,0,4,4,4,4,4,4,3,2,1,5,5,1,5,5,L
4,4,5,0,0,5,0,0,1,1,1,2,1,1,2,1,1,4,0,0,5,1,2,2,2,2,2,0,3,3,3,3,3,3,3,3,1,0,0,4,4,4,4,4,4,3,2,2,5,5,5,5,5,U
0,0,5,0,0,5,0,0,1,1,1,1,1,1,1,4,2,2,1,0,0,1,2,2,2,2,2,0,3,3,3,3,3,3,3,3,3,2,2,4,4,4,4,4,4,4,4,5,5,5,5,5,5,L'
5,5,1,0,0,0,0,0,0,1,1,1,1,1,1,2,2,2,0,0,0,3,2,2,3,2,2,5,3,3,5,3,3,5,3,3,3,2,2,4,4,4,4,4,4,4,4,4,5,5,1,5,5,U
0,0,0,0,0,0,0,0,0,2,1,1,2,1,1,2,1,1,3,2,2,3,2,2,3,2,2,5,3,3,5,3,3,5,3,3,4,4,4,4,4,4,4,4,4,5,5,1,5,5,1,5,5,L
0,0,0,0,0,0,0,0,0,1,1,1,1,1,1,1,1,1,2,2,2,2,2,2,2,2,2,3,3,3,3,3,3,3,3,3,4,4,4,4,4,4,4,4,4,5,5,5,5,5,5,5,5,#
1,1,1,2,0,1,3,5,3,0,4,1,0,1,3,0,2,5,5,0,1,5,2,4,2,3,0,4,0,5,3,3,4,4,5,0,4,2,2,2,4,0,3,1,2,4,3,2,5,5,1,3,4,F'
1,1,5,2,0,2,3,5,0,0,4,1,0,1,3,4,2,3,1,4,0,0,2,3,5,5,2,1,1,3,3,3,4,4,5,0,5,2,2,0,4,0,4,1,2,4,3,2,5,5,1,3,4,R
1,1,5,2,0,2,3,5,0,0,4,0,0,1,3,4,2,2,1,4,3,0,2,4,5,5,0,1,1,3,3,3,5,4,5,4,4,0,5,1,4,2,2,0,2,3,3,2,3,5,1,1,4,U
1,4,3,2,0,2,3,5,0,4,0,0,2,1,4,2,3,0,4,0,5,0,2,4,5,5,0,1,1,3,3,3,5,4,5,4,3,3,2,1,4,2,2,0,2,1,1,5,3,5,1,1,4,R
1,4,3,2,0,2,3,5,0,4,0,5,2,1,4,2,3,0,4,0,3,0,2,5,5,5,4,1,1,1,3,3,3,4,5,1,2,1,3,0,4,3,2,2,2,0,1,5,4,5,1,0,4,F2
1,4,2,2,0,0,3,5,2,4,0,5,2,1,4,1,1,1,4,5,5,5,2,0,3,0,4,0,3,2,3,3,3,4,5,1,0,1,3,2,4,3,3,2,2,0,1,5,4,5,1,0,4,B'
4,4,2,5,0,0,1,5,2,3,2,1,2,1,4,1,1,1,4,5,5,5,2,0,3,0,4,0,3,2,3,3,3,2,3,3,0,1,4,2,4,0,3,2,5,5,1,5,1,5,4,0,4,D'
4,4,2,5,0,0,3,0,4,3,2,1,2,1,4,1,1,1,4,5,5,5,2,0,3,2,5,2,3,3,3,3,3,0,3,2,0,1,4,2,4,0,0,4,0,5,1,5,1,5,4,1,5,U
4,5,5,5,0,0,3,0,4,1,2,3,1,1,2,1,4,1,0,1,4,5,2,0,3,2,5,2,3,3,3,3,3,0,3,2,5,1,5,2,4,0,0,4,0,4,4,2,1,5,4,1,5,L'
5,0,4,5,0,0,4,5,3,0,2,3,5,1,2,3,4,1,2,1,4,3,2,0,0,2,5,2,3,3,4,3,3,2,3,2,5,1,5,2,4,0,0,4,0,4,4,1,1,5,1,1,5,U
2,1,4,5,0,0,4,5,3,3,5,0,4,1,2,1,2,3,5,1,5,3,2,0,0,2,5,2,3,3,4,3,3,2,3,2,4,4,1,2,4,0,0,4,0,5,0,4,1,5,1,1,5,L
4,5,2,5,0,1,3,0,4,1,5,0,1,1,2,4,2,3,3,1,5,4,2,0,1,2,5,5,3,3,3,3,3,0,3,2,4,4,1,2,4,0,0,4,0,5,0,2,1,5,4,1,5,U'
5,0,2,5,0,1,3,0,4,0,2,3,5,1,2,1,1,4,4,5,2,4,2,0,1,2,5,5,3,3,3,3,3,0,3,2,3,1,5,2,4,0,0,4,0,4,4,1,1,5,4,1,5,R
5,0,2,5,0,1,3,0,4,0,2,2,5,1,0,1,1,5,4,5,3,4,2,3,1,2,2,5,3,1,3,3,1,0,3,4,0,2,3,4,4,1,0,0,5,4,4,1,2,5,4,3,5,U
4,5,3,5,0,1,3,0,4,1,5,0,1,1,2,5,0,2,0,2,3,4,2,3,1,2,2,5,3,1,3,3,1,0,3,4,4,4,1,4,4,1,0,0,5,5,0,2,2,5,4,3,5,R'
4,5,3,5,0,1,3,0,4,1,5,3,1,1,2,5,0,5,0,2,0,4,2,2,1,2,2,5,3,3,3,3,3,0,3,2,1,1,5,4,4,0,4,4,0,4,0,2,1,5,4,1,5,U
0,2,0,5,0,1,3,0,4,5,1,1,0,1,5,5,2,3,1,1,5,4,2,2,1,2,2,5,3,3,3,3,3,0,3,2,4,0,2,4,4,0,4,4,0,4,5,3,1,5,4,1,5,L
3,5,0,0,0,2,4,1,0,2,1,1,4,1,5,3,2,3,5,1,5,0,2,2,5,2,2,1,3,3,4,3,3,1,3,2,4,0,2,4,4,0,4,4,0,4,5,0,1,5,3,1,5,U
5,1,5,0,0,2,4,1,0,3,4,2,2,1,1,3,5,1,4,0,2,0,2,2,5,2,2,1,3,3,4,3,3,1,3,2,4,5,0,4,4,0,4,4,0,3,5,0,1,5,3,1,5,L'
5,2,0,1,0,1,5,0,4,4,4,2,0,1,1,5,5,1,1,0,2,4,2,2,1,2,2,5,3,3,3,3,3,0,3,2,4,5,0,4,4,0,4,4,0,3,5,3,1,5,2,1,5,B'
0,2,0,3,0,1,2,0,4,5,1,5,0,1,1,5,5,1,1,0,2,4,2,2,1,2,2,5,3,3,3,3,3,0,0,0,4,5,4,4,4,4,4,4,2,3,2,3,5,5,5,3,1,U
1,0,2,3,0,1,2,0,4,5,0,5,5,1,1,1,1,5,4,5,4,4,2,2,1,2,2,5,3,3,3,3,3,0,0,0,3,2,3,4,4,4,4,4,2,0,2,0,5,5,5,3,1,B
5,0,2,0,0,1,5,0,4,3,4,2,5,1,1,1,1,5,4,5,4,4,2,2,1,2,2,5,3,3,3,3,3,1,3,2,3,2,0,4,4,0,4,4,0,3,5,0,1,5,2,1,5,U'
3,5,0,0,0,1,5,0,4,2,1,5,4,1,1,3,5,1,5,0,2,4,2,2,1,2,2,5,3,3,3,3,3,1,3,2,4,5,4,4,4,0,4,4,0,3,2,0,1,5,2,1,5,B
5,5,0,1,0,1,2,0,4,4,0,0,4,1,1,3,5,1,5,0,2,4,2,2,1,2,2,5,3,3,3,3,3,3,0,5,4,5,2,4,4,3,4,4,1,1,1,3,5,5,2,0,2,U
5,0,2,1,0,1,2,0,4,3,4,4,5,1,0,1,1,0,4,5,2,4,2,2,1,2,2,5,3,3,3,3,3,3,0,5,1,1,3,4,4,3,4,4,1,5,5,0,5,5,2,0,2,B'
3,0,2,0,0,1,5,0,4,2,1,5,5,1,0,1,1,0,4,5,2,4,2,2,1,2,2,5,3,3,3,3,3,1,3,3,1,1,3,4,4,4,4,4,4,0,2,0,5,5,2,5,5,U2
1,1,3,0,0,1,5,0,4,0,1,1,0,1,5,5,1,2,0,2,0,4,2,2,1,2,2,5,3,3,3,3,3,1,3,3,3,0,2,4,4,4,4,4,4,4,5,2,5,5,2,5,5,L
5,0,1,0,0,1,4,1,3,0,1,1,2,1,5,2,1,2,0,2,0,0,2,2,5,2,2,0,3,3,4,3,3,1,3,3,3,0,2,4,4,4,4,4,4,4,5,1,5,5,3,5,5,U
0,2,0,0,0,1,4,1,3,2,2,0,1,1,1,2,5,1,3,0,2,0,2,2,5,2,2,0,3,3,4,3,3,1,3,3,4,5,1,4,4,4,4,4,4,5,0,1,5,5,3,5,5,L'
0,1,3,2,0,1,0,0,4,3,2,0,0,1,1,5,5,1,0,0,2,4,2,2,1,2,2,5,3,3,3,3,3,1,3,3,4,5,1,4,4,4,4,4,4,5,0,2,5,5,1,5,5,U2
4,5,1,2,0,1,0,0,4,1,5,5,1,1,0,0,2,3,5,0,2,4,2,2,1,2,2,5,3,3,3,3,3,1,3,3,0,1,3,4,4,4,4,4,4,0,0,2,5,5,1,5,5,L
0,2,4,0,0,5,4,1,1,2,5,5,1,1,0,2,2,3,1,0,2,1,2,2,0,2,2,5,3,3,4,3,3,1,3,3,0,1,3,4,4,4,4,4,4,0,0,1,5,5,3,5,5,U'
0,0,1,0,0,5,4,1,1,5,0,3,5,1,2,2,1,2,0,2,4,1,2,2,0,2,2,5,3,3,4,3,3,1,3,3,1,0,2,4,4,4,4,4,4,0,1,3,5,5,3,5,5,L'
1,5,1,0,0,1,0,0,4,0,0,3,1,1,2,0,1,2,5,2,4,4,2,2,1,2,2,5,3,3,3,3,3,3,3,3,1,0,2,4,4,4,4,4,4,0,1,2,5,5,5,5,5,U2
1,0,2,0,0,1,0,0,4,2,1,0,2,1,1,3,0,0,0,1,2,4,2,2,1,2,2,5,3,3,3,3,3,3,3,3,1,5,1,4,4,4,4,4,4,5,2,4,5,5,5,5,5,L'
2,1,4,0,0,0,1,0,0,0,1,0,4,1,1,1,0,0,5,1,2,3,2,2,3,2,2,5,3,3,5,3,3,4,3,3,1,5,1,4,4,4,4,4,4,5,2,3,5,5,2,5,5,U2
1,5,1,0,0,0,1,0,0,0,0,1,1,1,4,0,1,0,5,2,3,3,2,2,3,2,2,5,3,3,5,3,3,4,3,3,2,1,4,4,4,4,4,4,4,5,1,2,5,5,2,5,5,L
1,0,1,0,0,5,0,0,1,2,0,1,2,1,4,2,1,0,0,2,3,1,2,2,0,2,2,5,3,3,3,3,3,3,3,3,2,1,4,4,4,4,4,4,4,5,1,4,5,5,5,5,5,U
0,2,3,0,0,5,0,0,1,2,2,2,1,1,0,0,4,1,2,1,4,1,2,2,0,2,2,5,3,3,3,3,3,3,3,3,5,1,4,4,4,4,4,4,4,1,0,1,5,5,5,5,5,L'
3,5,1,2,0,0,0,0,0,2,2,2,1,1,0,0,4,1,5,1,4,3,2,2,3,2,2,5,3,3,5,3,3,1,3,3,5,1,4,4,4,4,4,4,4,1,0,0,5,5,1,5,5,U'
1,0,0,2,0,0,0,0,0,2,0,1,2,1,4,2,1,0,3,5,1,3,2,2,3,2,2,5,3,3,5,3,3,1,3,3,5,1,4,4,4,4,4,4,4,5,1,4,5,5,1,5,5,L
0,2,1,0,0,0,0,0,0,2,0,1,1,1,4,4,1,0,2,5,1,2,2,2,2,2,2,3,3,3,3,3,3,3,3,3,5,1,4,4,4,4,4,4,4,5,1,1,5,5,5,5,5,U
2,5,1,0,0,0,0,0,0,4,1,2,1,1,0,0,4,1,5,1,4,2,2,2,2,2,2,3,3,3,3,3,3,3,3,3,5,1,1,4,4,4,4,4,4,0,2,1,5,5,5,5,5,F
2,5,3,0,0,3,0,0,3,4,1,2,1,1,0,0,0,1,2,2,5,2,2,1,2,2,4,4,4,5,3,3,3,3,3,3,0,1,1,4,4,4,1,4,4,0,2,1,5,5,5,5,5,U
2,2,5,0,0,3,0,0,3,0,1,4,0,1,1,1,0,2,0,1,1,2,2,1,2,2,4,4,4,5,3,3,3,3,3,3,0,2,1,4,4,4,1,4,4,2,5,3,5,5,5,5,5,F'
2,2,2,0,0,0,0,0,1,0,1,4,0,1,1,0,4,1,1,1,4,1,2,2,0,2,2,5,3,3,3,3,3,3,3,3,5,2,1,4,4,4,4,4,4,2,5,3,5,5,5,5,5,U
1,1,4,0,0,0,0,0,1,0,0,0,4,1,1,1,1,4,5,2,1,1,2,2,0,2,2,5,3,3,3,3,3,3,3,3,2,5,3,4,4,4,4,4,4,2,2,2,5,5,5,5,5,F'
1,1,4,0,0,1,0,0,1,0,0,0,4,1,1,2,4,4,1,2,2,2,2,2,5,1,0,4,0,1,3,3,3,3,3,3,3,5,3,3,4,4,5,4,4,2,2,2,5,5,5,5,5,L
0,0,1,0,0,1,1,1,4,5,0,0,5,1,1,2,4,4,0,2,2,4,2,2,2,1,0,1,0,1,2,3,3,5,3,3,3,5,3,3,4,4,5,4,4,2,2,3,5,5,3,5,5,F
0,0,1,0,0,0,1,1,1,5,0,0,5,1,1,4,1,1,2,4,0,1,2,2,0,2,2,5,3,3,2,3,3,5,3,3,2,5,3,4,4,4,4,4,4,2,2,3,5,5,3,5,5,L'
1,0,1,0,0,1,0,0,1,2,0,0,1,1,1,0,1,1,5,4,0,2,2,2,5,2,2,4,3,3,3,3,3,3,3,3,2,5,3,4,4,4,4,4,4,2,2,4,5,5,5,5,5,F
1,0,4,0,0,3,0,0,3,2,0,0,1,1,1,1,1,1,5,2,5,2,2,4,2,2,0,4,4,2,3,3,3,3,3,3,0,5,3,1,4,4,1,4,4,2,2,4,5,5,5,5,5,U2
0,5,3,0,0,3,0,0,3,1,1,1,1,1,1,0,0,2,2,2,4,2,2,4,2,2,0,4,4,2,3,3,3,3,3,3,1,0,4,1,4,4,1,4,4,5,2,5,5,5,5,5,5,F'
0,5,2,0,0,0,0,0,0,1,1,1,1,1,1,1,1,1,4,4,0,2,2,2,2,2,2,3,3,3,3,3,3,3,3,3,2,0,4,4,4,4,4,4,4,5,2,5,5,5,5,5,5,U'
5,2,5,0,0,0,0,0,0,1,1,1,1,1,1,1,1,1,0,5,2,2,2,2,2,2,2,3,3,3,3,3,3,3,3,3,4,4,0,4,4,4,4,4,4,2,0,4,5,5,5,5,5,R
5,2,5,0,0,0,0,0,0,1,1,2,1,1,2,1,1,2,0,5,3,2,2,3,2,2,3,3,3,5,3,3,5,3,3,2,4,4,4,4,4,4,4,4,0,1,0,4,1,5,5,1,5,U
0,5,3,0,0,0,0,0,0,1,1,1,1,1,1,2,2,2,4,4,4,2,2,3,2,2,3,3,3,5,3,3,5,3,3,2,1,0,4,4,4,4,4,4,0,5,2,5,1,5,5,1,5,R'
0,5,3,0,0,0,0,0,0,1,1,1,1,1,1,2,2,5,4,4,1,2,2,1,2,2,2,3,3,4,3,3,3,3,3,3,4,4,0,0,4,4,1,4,4,2,2,5,5,5,5,5,5,F2
0,5,1,0,0,0,0,0,4,1,1,1,1,1,1,4,3,3,2,2,2,1,2,2,1,4,4,5,2,2,3,3,3,3,3,3,0,4,0,0,4,4,3,4,4,2,2,5,5,5,5,5,5,D'
0,5,1,0,0,0,1,4,4,1,1,1,1,1,1,4,3,3,2,2,2,1,2,2,3,4,4,2,3,3,2,3,3,5,3,3,0,4,0,0,4,4,5,5,5,2,2,5,5,5,5,0,0,L
1,0,0,4,0,5,4,0,1,4,1,1,5,1,1,5,3,3,1,2,2,1,2,2,4,4,4,2,3,3,1,3,3,3,3,3,0,4,0,0,4,4,5,5,5,2,2,5,5,5,2,0,0,U'
2,2,5,4,0,5,4,0,1,1,1,3,1,1,3,4,5,5,1,0,0,1,2,2,4,4,4,2,3,3,1,3,3,3,3,3,1,2,2,0,4,4,5,5,5,0,4,0,5,5,2,0,0,L'
5,5,1,2,0,0,2,4,4,1,1,3,1,1,3,4,5,5,2,0,0,1,2,2,3,4,4,2,3,3,2,3,3,0,3,3,1,2,2,0,4,4,5,5,5,0,4,4,5,5,1,0,0,U
2,0,0,2,0,0,2,4,4,4,1,1,5,1,1,5,3,3,1,2,2,1,2,2,3,4,4,2,3,3,2,3,3,0,3,3,0,4,4,0,4,4,5,5,5,5,5,1,5,5,1,0,0,L'
0,0,4,0,0,4,2,2,2,1,1,1,1,1,1,3,3,3,2,2,2,2,2,2,0,4,4,1,3,3,1,3,3,1,3,3,0,4,4,0,4,4,5,5,5,5,5,5,5,5,5,0,0,D
0,0,4,0,0,4,0,0,4,1,1,1,1,1,1,3,3,3,2,2,2,2,2,2,2,2,2,1,1,1,3,3,3,3,3,3,0,4,4,0,4,4,0,4,4,5,5,5,5,5,5,5,5,F2
0,0,0,0,0,0,0,0,0,1,1,1,1,1,1,1,1,1,2,2,2,2,2,2,2,2,2,3,3,3,3,3,3,3,3,3,4,4,4,4,4,4,4,4,4,5,5,5,5,5,5,5,5,#
4,1,1,2,0,4,3,4,4,3,3,2,0,1,3,0,1,1,5,5,0,3,2,2,3,3,5,2,0,3,1,3,5,0,2,5,2,2,4,0,4,0,0,4,4,1,5,5,5,5,4,1,1,U
5,5,0,2,0,4,3,4,4,0,0,3,1,1,3,1,3,2,2,2,4,3,2,2,3,3,5,2,0,3,1,3,5,0,2,5,1,5,5,0,4,0,0,4,4,4,1,1,5,5,4,1,1,F2
5,5,0,2,0,0,3,4,1,0,0,3,1,1,3,3,0,2,5,3,3,2,2,3,4,2,2,2,3,1,1,3,5,0,2,5,4,5,5,4,4,0,0,4,4,4,1,1,5,5,4,1,1,U'
4,1,1,2,0,0,3,4,1,3,3,2,0,1,0,0,1,3,5,5,0,2,2,3,4,2,2,2,3,1,1,3,5,0,2,5,5,3,3,4,4,0,0,4,4,4,5,5,5,5,4,1,1,R'
4,1,1,2,0,0,3,4,1,3,3,1,0,1,5,0,1,4,5,5,2,2,2,0,4,2,3,2,3,0,1,3,3,0,2,2,3,0,4,3,4,4,5,4,0,5,5,5,5,5,4,1,1,B2
0,1,1,4,0,0,4,4,1,2,2,0,0,1,5,0,1,4,5,5,2,2,2,0,4,2,3,2,3,0,1,3,3,1,3,3,3,0,3,3,4,2,5,4,4,2,1,1,4,5,5,5,5,D
0,1,1,4,0,0,5,5,5,2,2,0,0,1,5,0,1,4,5,5,2,2,2,0,4,4,1,1,1,2,3,3,3,3,3,0,3,0,3,3,4,2,4,2,3,2,1,1,4,5,5,5,4,F
0,1,1,4,0,1,5,5,2,2,2,0,0,1,5,5,0,1,4,2,5,4,2,5,1,0,2,4,3,3,3,3,3,3,3,0,0,0,3,1,4,2,4,2,3,2,1,1,4,5,5,5,4,D'
0,1,1,4,0,1,1,0,2,2,2,0,0,1,5,5,0,1,4,2,5,4,2,5,4,2,3,3,3,0,3,3,3,4,3,3,0,0,3,1,4,2,5,4,4,2,1,1,4,5,5,5,5,F
0,1,3,4,0,3,1,0,0,2,2,0,0,1,5,2,1,1,4,4,4,2,2,2,3,5,5,5,1,0,3,3,3,4,3,3,5,0,3,0,4,2,1,4,4,2,1,1,4,5,5,5,5,U
4,4,4,4,0,3,1,0,0,2,0,2,1,1,2,1,5,0,5,0,3,2,2,2,3,5,5,5,1,0,3,3,3,4,3,3,2,1,1,0,4,2,1,4,4,0,1,3,4,5,5,5,5,F'
4,4,0,4,0,5,1,0,1,2,0,2,1,1,2,2,0,1,3,2,5,0,2,5,5,2,3,4,3,0,3,3,3,4,3,3,0,1,1,1,4,2,5,4,4,0,1,3,4,5,5,5,5,B
2,4,0,0,0,5,2,0,1,1,2,4,1,1,2,2,0,1,3,2,5,0,2,5,5,2,3,4,3,0,3,3,3,4,4,1,0,1,3,1,4,3,5,4,4,5,4,0,5,5,1,2,5,U'
5,4,0,0,0,5,2,0,1,4,2,1,2,1,0,1,1,2,2,4,0,0,2,5,5,2,3,4,3,0,3,3,3,4,4,1,3,2,5,1,4,3,5,4,4,0,1,3,5,5,1,2,5,B'
4,4,0,4,0,5,1,0,1,2,0,5,2,1,0,1,1,2,2,4,0,0,2,5,5,2,3,4,3,0,3,3,3,4,3,5,3,2,4,1,4,2,5,4,1,3,1,3,1,5,5,0,5,R
4,4,0,4,0,5,1,0,1,2,0,0,2,1,5,1,1,3,2,4,0,0,2,3,5,2,5,4,3,0,3,3,1,4,3,3,5,1,3,4,4,2,1,2,4,2,1,3,0,5,5,5,5,U2
5,1,3,4,0,5,1,0,1,3,1,1,5,1,2,0,0,2,2,1,3,0,2,3,5,2,5,4,3,0,3,3,1,4,3,3,4,4,0,4,4,2,1,2,4,2,4,0,0,5,5,5,5,R'
5,1,3,4,0,5,1,0,1,3,1,5,5,1,0,0,0,2,2,1,1,0,2,2,5,2,2,4,3,3,3,3,3,4,3,5,0,2,4,4,4,2,4,4,1,3,4,0,1,5,5,0,5,B'
4,1,3,3,0,5,5,0,1,1,4,5,5,1,0,0,0,2,2,1,1,0,2,2,5,2,2,4,3,3,3,3,3,1,2,4,0,2,3,4,4,1,4,4,5,0,5,2,4,5,5,3,1,U'
0,5,2,3,0,5,5,0,1,5,0,2,4,1,0,1,5,0,4,1,3,0,2,2,5,2,2,4,3,3,3,3,3,1,2,4,2,1,1,4,4,1,4,4,5,0,2,3,4,5,5,3,1,B2
5,5,2,1,0,5,1,0,1,4,2,1,4,1,0,1,5,0,4,1,3,0,2,2,5,2,2,4,3,3,3,3,3,2,0,5,2,1,5,4,4,3,4,4,0,0,1,3,5,5,4,3,2,U
4,1,3,1,0,5,1,0,1,1,4,4,5,1,2,0,0,1,2,1,5,0,2,2,5,2,2,4,3,3,3,3,3,2,0,5,0,1,3,4,4,3,4,4,0,5,5,2,5,5,4,3,2,B'
2,1,3,0,0,5,5,0,1,1,1,4,5,1,2,0,0,1,2,1,5,0,2,2,5,2,2,4,3,3,3,3,3,0,3,3,0,1,1,4,4,4,4,4,4,2,4,0,5,5,2,5,5,F
2,1,4,0,0,3,5,0,3,1,1,4,5,1,2,1,5,3,5,0,2,2,2,1,2,2,5,4,4,0,3,3,3,0,3,3,0,1,1,0,4,4,1,4,4,2,4,0,5,5,2,5,5,U
5,0,2,0,0,3,5,0,3,1,5,1,5,1,1,3,2,4,0,1,1,2,2,1,2,2,5,4,4,0,3,3,3,0,3,3,2,4,0,0,4,4,1,4,4,2,1,4,5,5,2,5,5,F'
5,0,4,0,0,2,5,0,3,1,5,1,5,1,1,2,0,1,1,1,5,1,2,2,0,2,2,2,3,3,3,3,3,0,3,3,0,4,0,4,4,4,4,4,4,2,1,4,5,5,2,5,5,L
5,0,5,0,0,0,3,2,4,3,5,1,2,1,1,4,0,1,1,1,5,5,2,2,2,2,2,1,3,3,1,3,3,0,3,3,0,4,0,4,4,4,4,4,4,2,1,0,5,5,3,5,5,U'
2,1,0,0,0,0,3,2,4,1,1,1,5,1,0,3,2,4,5,0,5,5,2,2,2,2,2,1,3,3,1,3,3,0,3,3,1,1,5,4,4,4,4,4,4,0,4,0,5,5,3,5,5,L'
0,0,4,1,0,2,2,0,3,5,1,1,5,1,0,2,2,4,1,0,5,1,2,2,0,2,2,2,3,3,3,3,3,0,3,3,1,1,5,4,4,4,4,4,4,0,4,3,5,5,5,5,5,U
1,0,5,1,0,2,2,0,3,2,5,5,2,1,1,4,0,1,1,1,5,1,2,2,0,2,2,2,3,3,3,3,3,0,3,3,0,4,3,4,4,4,4,4,4,0,0,4,5,5,5,5,5,L
2,1,1,0,0,0,3,2,5,1,5,5,5,1,1,4,0,1,2,1,5,2,2,2,4,2,2,1,3,3,1,3,3,0,3,3,0,4,3,4,4,4,4,4,4,0,0,0,5,5,3,5,5,U'
0,0,0,0,0,0,3,2,5,5,1,1,5,1,0,1,5,4,2,1,1,2,2,2,4,2,2,1,3,3,1,3,3,0,3,3,2,1,5,4,4,4,4,4,4,0,4,3,5,5,3,5,5,L2
5,2,3,0,0,0,0,0,0,1,1,1,1,1,0,0,5,4,2,1,1,3,2,2,3,2,2,5,3,3,5,3,3,1,3,3,2,1,5,4,4,4,4,4,4,0,4,4,5,5,2,5,5,U'
0,4,4,0,0,0,0,0,0,1,0,4,1,1,5,1,1,0,5,2,3,3,2,2,3,2,2,5,3,3,5,3,3,1,3,3,2,1,1,4,4,4,4,4,4,2,1,5,5,5,2,5,5,L
0,0,0,0,0,4,0,0,4,2,0,4,2,1,5,5,1,0,1,2,3,1,2,2,1,2,2,5,3,3,3,3,3,3,3,3,2,1,1,4,4,4,4,4,4,2,1,1,5,5,5,5,5,U
1,2,3,0,0,4,0,0,4,5,2,2,1,1,0,0,5,4,2,1,1,1,2,2,1,2,2,5,3,3,3,3,3,3,3,3,2,1,1,4,4,4,4,4,4,0,0,0,5,5,5,5,5,L'
3,4,4,2,0,0,1,0,0,2,2,2,1,1,0,1,5,4,5,1,1,3,2,2,3,2,2,5,3,3,5,3,3,0,3,3,2,1,1,4,4,4,4,4,4,0,0,0,5,5,1,5,5,U'
0,0,0,2,0,0,1,0,0,2,0,4,2,1,5,2,1,1,3,4,4,3,2,2,3,2,2,5,3,3,5,3,3,0,3,3,5,1,1,4,4,4,4,4,4,2,1,1,5,5,1,5,5,L
1,2,0,0,0,0,0,0,0,5,0,4,1,1,5,1,1,1,2,4,4,2,2,2,2,2,2,3,3,3,3,3,3,3,3,3,5,1,1,4,4,4,4,4,4,2,1,0,5,5,5,5,5,F
1,2,3,0,0,3,0,0,3,5,0,4,1,1,5,0,0,0,2,2,2,2,2,4,2,2,4,4,4,5,3,3,3,3,3,3,1,1,1,1,4,4,1,4,4,2,1,0,5,5,5,5,5,U
2,2,2,0,0,3,0,0,3,0,1,5,0,1,0,0,5,4,1,1,1,2,2,4,2,2,4,4,4,5,3,3,3,3,3,3,2,1,0,1,4,4,1,4,4,1,2,3,5,5,5,5,5,R'
2,2,2,0,0,3,0,0,3,0,1,5,0,1,5,0,5,1,1,1,5,2,2,0,2,2,4,4,4,1,3,3,4,3,3,4,0,4,4,1,4,4,2,1,1,3,2,3,3,5,5,5,5,U'
3,2,3,0,0,3,0,0,3,5,5,1,1,1,5,0,0,0,2,2,2,2,2,0,2,2,4,4,4,1,3,3,4,3,3,4,1,1,5,1,4,4,2,1,1,0,4,4,3,5,5,5,5,F'
3,2,0,0,0,0,0,0,0,5,5,1,1,1,5,1,1,2,2,0,4,2,2,2,2,2,2,3,3,3,3,3,4,3,3,4,1,1,5,4,4,4,4,1,1,0,4,4,3,5,5,5,5,U
2,0,4,0,0,0,0,0,0,1,1,5,1,1,5,2,5,1,1,1,5,2,2,2,2,2,2,3,3,3,3,3,4,3,3,4,0,4,4,4,4,4,4,1,1,3,2,0,3,5,5,5,5,F
2,0,3,0,0,3,0,0,3,1,1,5,1,1,5,0,0,4,2,2,1,2,2,1,2,2,5,4,4,0,3,3,4,3,3,4,2,4,4,5,4,4,1,1,1,3,2,0,3,5,5,5,5,R
2,0,3,0,0,3,0,0,3,1,1,1,1,1,1,0,0,5,2,2,0,2,2,4,2,2,4,4,4,5,3,3,3,3,3,3,1,5,2,1,4,4,1,4,4,4,2,0,5,5,5,5,5,F'
2,0,5,0,0,0,0,0,0,1,1,1,1,1,1,1,1,1,0,4,4,2,2,2,2,2,2,3,3,3,3,3,3,3,3,3,5,5,2,4,4,4,4,4,4,4,2,0,5,5,5,5,5,U'
4,2,0,0,0,0,0,0,0,1,1,1,1,1,1,1,1,1,2,0,5,2,2,2,2,2,2,3,3,3,3,3,3,3,3,3,0,4,4,4,4,4,4,4,4,5,5,2,5,5,5,5,5,L'
0,0,0,2,0,0,4,0,0,2,1,1,2,1,1,2,1,1,3,0,5,3,2,2,3,2,2,5,3,3,5,3,3,2,3,3,0,4,4,4,4,4,4,4,4,5,5,1,5,5,1,5,5,U
3,0,5,2,0,0,4,0,0,2,2,2,1,1,1,1,1,1,0,4,4,3,2,2,3,2,2,5,3,3,5,3,3,2,3,3,5,5,1,4,4,4,4,4,4,0,0,0,5,5,1,5,5,L'
5,0,0,0,0,0,3,2,4,0,2,2,3,1,1,3,1,1,5,4,4,5,2,2,2,2,2,1,3,3,1,3,3,0,3,3,5,5,1,4,4,4,4,4,4,0,0,1,5,5,1,5,5,U'
0,0,1,0,0,0,3,2,4,2,1,1,2,1,1,0,3,3,5,0,0,5,2,2,2,2,2,1,3,3,1,3,3,0,3,3,5,4,4,4,4,4,4,4,4,5,5,1,5,5,1,5,5,F'
0,0,3,0,0,3,3,2,0,2,1,1,2,1,1,5,4,4,0,2,2,0,2,2,5,5,2,1,0,4,1,3,3,0,3,3,3,4,4,3,4,4,1,4,4,5,5,1,5,5,1,5,5,L'
3,3,0,0,0,2,0,0,3,0,1,1,0,1,1,5,4,4,1,2,2,1,2,2,0,5,2,2,0,4,1,3,3,1,3,3,3,4,4,3,4,4,1,4,4,5,5,5,5,5,2,5,5,F2
3,3,1,0,0,3,0,0,3,0,1,1,0,1,1,4,0,2,2,5,0,2,2,1,2,2,1,4,4,5,1,3,3,1,3,3,3,4,4,2,4,4,0,4,4,5,5,5,5,5,2,5,5,U'
5,5,5,0,0,3,0,0,3,1,1,2,1,1,0,0,0,4,3,3,1,2,2,1,2,2,1,4,4,5,1,3,3,1,3,3,2,5,0,2,4,4,0,4,4,3,4,4,5,5,2,5,5,F'
5,5,4,0,0,0,0,0,0,1,1,2,1,1,0,2,2,0,1,1,1,3,2,2,3,2,2,5,3,3,1,3,3,1,3,3,5,5,0,4,4,4,4,4,4,3,4,4,5,5,2,5,5,U
1,1,1,0,0,0,0,0,0,2,1,1,2,1,1,0,0,2,5,5,0,3,2,2,3,2,2,5,3,3,1,3,3,1,3,3,3,4,4,4,4,4,4,4,4,5,5,4,5,5,2,5,5,F'
1,1,2,0,0,0,0,0,0,2,1,1,2,1,1,3,4,4,0,2,2,5,2,2,5,3,3,1,0,0,1,3,3,1,3,3,3,4,4,3,4,4,5,4,4,5,5,4,5,5,2,5,5,L
0,0,1,0,0,1,0,0,2,2,1,1,2,1,1,4,4,4,2,2,2,2,2,2,3,3,3,0,0,0,5,3,3,5,3,3,3,4,4,3,4,4,5,4,4,5,5,1,5,5,1,5,5,F
0,0,0,0,0,0,0,0,0,2,1,1,2,1,1,2,1,1,3,2,2,3,2,2,3,2,2,5,3,3,5,3,3,5,3,3,4,4,4,4,4,4,4,4,4,5,5,1,5,5,1,5,5,L
0,0,0,0,0,0,0,0,0,1,1,1,1,1,1,1,1,1,2,2,2,2,2,2,2,2,2,3,3,3,3,3,3,3,3,3,4,4,4,4,4,4,4,4,4,5,5,5,5,5,5,5,5,#
5,2,4,3,0,4,1,2,5,3,2,4,1,1,4,3,0,5,2,5,4,1,2,5,1,4,0,0,3,3,3,3,1,4,1,1,3,2,5,4,4,3,2,5,2,1,0,0,0,5,5,0,0,B'
4,2,4,1,0,4,1,2,5,1,3,5,1,1,4,3,0,5,2,5,4,1,2,5,1,4,0,0,3,3,3,3,1,2,3,5,3,2,3,4,4,2,2,5,4,0,5,2,0,5,0,1,0,D
4,2,4,1,0,4,1,0,0,1,3,5,1,1,4,3,0,5,2,5,4,1,2,5,1,2,5,2,3,0,3,3,3,5,1,3,3,2,3,4,4,2,1,4,0,0,5,2,0,5,0,2,5,B2
0,2,4,2,0,4,3,0,0,3,1,5,1,1,4,3,0,5,2,5,4,1,2,5,1,2,5,2,3,0,3,3,3,5,3,1,3,2,1,4,4,1,1,4,4,4,5,2,0,5,0,2,5,U
2,5,4,2,0,4,3,0,0,3,1,3,0,1,1,5,4,5,3,2,1,1,2,5,1,2,5,2,3,0,3,3,3,5,3,1,4,5,2,4,4,1,1,4,4,0,2,4,0,5,0,2,5,R
2,5,4,2,0,4,3,0,0,3,1,1,0,1,5,5,4,5,3,2,0,1,2,3,1,2,1,2,3,2,3,3,0,5,3,0,1,4,4,4,4,5,4,1,2,5,2,4,1,5,0,3,5,U
3,2,0,2,0,4,3,0,0,5,0,3,4,1,1,5,5,1,1,4,4,1,2,3,1,2,1,2,3,2,3,3,0,5,3,0,5,2,4,4,4,5,4,1,2,2,5,4,1,5,0,3,5,R'
3,2,0,2,0,4,3,0,0,5,0,3,4,1,1,5,5,2,1,4,3,1,2,1,1,2,1,2,3,4,3,3,3,5,3,1,4,5,2,2,4,1,5,4,4,0,5,4,0,5,0,2,5,F'
3,2,2,2,0,5,3,0,5,5,0,3,4,1,1,4,2,5,3,1,1,4,2,2,1,1,1,0,4,0,3,3,3,5,3,1,4,5,2,3,4,1,2,4,4,0,5,4,0,5,0,2,5,U'
0,5,4,2,0,5,3,0,5,3,1,5,0,1,2,5,4,4,3,2,2,4,2,2,1,1,1,0,4,0,3,3,3,5,3,1,3,1,1,3,4,1,2,4,4,4,5,2,0,5,0,2,5,F
0,5,0,2,0,4,3,0,0,3,1,5,0,1,2,5,5,4,1,4,3,1,2,2,1,2,2,2,3,3,3,3,3,5,3,1,5,1,1,4,4,1,4,4,4,4,5,2,0,5,0,2,5,R'
0,5,0,2,0,4,3,0,0,3,1,2,0,1,0,5,5,4,1,4,5,1,2,2,1,2,4,2,3,3,3,3,2,5,3,2,1,1,4,1,4,4,5,4,4,1,5,2,3,5,0,3,5,U
1,4,5,2,0,4,3,0,0,5,0,3,5,1,1,4,0,2,1,1,4,1,2,2,1,2,4,2,3,3,3,3,2,5,3,2,1,5,2,1,4,4,5,4,4,0,5,0,3,5,0,3,5,R
1,4,5,2,0,4,3,0,0,5,0,4,5,1,2,4,0,4,1,1,3,1,2,2,1,2,2,2,3,3,3,3,3,5,3,0,5,1,1,4,4,5,4,4,2,2,5,0,1,5,0,3,5,U'
2,5,0,2,0,4,3,0,0,4,2,4,0,1,0,5,5,4,1,4,5,1,2,2,1,2,2,2,3,3,3,3,3,5,3,0,1,1,3,4,4,5,4,4,2,5,1,1,1,5,0,3,5,R'
2,5,0,2,0,4,3,0,0,4,2,3,0,1,1,5,5,5,1,4,4,1,2,0,1,2,4,2,3,5,3,3,2,5,3,2,3,5,2,1,4,4,1,4,4,0,1,1,3,5,0,3,5,U'
0,1,1,2,0,4,3,0,0,3,1,5,2,1,5,4,0,5,2,5,0,1,2,0,1,2,4,2,3,5,3,3,2,5,3,2,1,4,4,1,4,4,1,4,4,3,5,2,3,5,0,3,5,R
0,1,1,2,0,4,3,0,0,3,1,0,2,1,0,4,0,4,2,5,5,1,2,2,1,2,2,2,3,3,3,3,3,5,3,3,1,1,1,4,4,4,4,4,4,5,5,2,5,5,0,5,5,U2
1,1,1,2,0,4,3,0,0,4,0,4,0,1,2,0,1,3,5,5,2,1,2,2,1,2,2,2,3,3,3,3,3,5,3,3,0,1,1,4,4,4,4,4,4,2,5,5,5,5,0,5,5,L
3,2,1,0,0,1,0,4,1,0,0,4,0,1,2,5,1,3,4,5,2,0,2,2,0,2,2,5,3,3,1,3,3,1,3,3,0,1,1,4,4,4,4,4,4,2,5,5,5,5,3,5,5,U
4,5,2,0,0,1,0,4,1,5,0,0,1,1,0,3,2,4,0,1,1,0,2,2,0,2,2,5,3,3,1,3,3,1,3,3,2,5,5,4,4,4,4,4,4,3,2,1,5,5,3,5,5,L'
2,1,1,5,0,4,4,0,0,0,0,0,0,1,0,0,2,4,5,1,1,1,2,2,1,2,2,2,3,3,3,3,3,1,3,3,2,5,5,4,4,4,4,4,4,3,2,3,5,5,1,5,5,U
5,1,1,5,0,4,4,0,0,0,0,0,2,1,0,4,0,0,2,5,5,1,2,2,1,2,2,2,3,3,3,3,3,1,3,3,3,2,3,4,4,4,4,4,4,2,1,1,5,5,1,5,5,B'
1,1,1,3,0,4,3,0,0,4,5,5,2,1,0,4,0,0,2,5,5,1,2,2,1,2,2,2,3,3,3,3,3,4,4,3,3,2,0,4,4,0,4,4,0,1,1,5,1,5,5,2,5,U2
3,2,0,3,0,4,3,0,0,0,0,4,0,1,2,5,5,4,1,1,5,1,2,2,1,2,2,2,3,3,3,3,3,4,4,3,1,1,1,4,4,0,4,4,0,2,5,5,1,5,5,2,5,B
4,2,0,0,0,4,0,0,0,1,0,0,0,1,2,5,5,4,1,1,5,1,2,2,1,2,2,2,3,3,3,3,3,3,3,3,1,1,3,4,4,4,4,4,4,2,1,2,5,5,5,5,5,U
1,1,5,0,0,4,0,0,0,5,0,1,5,1,0,4,2,0,1,1,3,1,2,2,1,2,2,2,3,3,3,3,3,3,3,3,2,1,2,4,4,4,4,4,4,4,2,0,5,5,5,5,5,F
1,1,2,0,0,3,0,0,3,5,0,1,5,1,0,0,4,5,1,1,1,2,2,1,2,2,3,4,4,2,3,3,3,3,3,3,4,1,2,2,4,4,0,4,4,4,2,0,5,5,5,5,5,U
1,1,1,0,0,3,0,0,3,0,5,5,4,1,0,5,0,1,4,1,2,2,2,1,2,2,3,4,4,2,3,3,3,3,3,3,4,2,0,2,4,4,0,4,4,1,1,2,5,5,5,5,5,F'
1,1,1,0,0,0,0,0,5,0,5,5,4,1,0,4,2,0,2,1,3,1,2,2,4,2,2,1,3,3,3,3,3,3,3,3,2,2,0,4,4,4,4,4,4,1,1,2,5,5,5,5,5,U2
2,2,0,0,0,0,0,0,5,0,2,4,0,1,4,5,5,0,1,1,2,1,2,2,4,2,2,1,3,3,3,3,3,3,3,3,1,1,1,4,4,4,4,4,4,2,1,3,5,5,5,5,5,F
2,2,1,0,0,3,0,0,3,0,2,4,0,1,4,5,0,0,4,1,1,2,2,1,2,2,2,4,4,1,3,3,3,3,3,3,5,1,1,5,4,4,0,4,4,2,1,3,5,5,5,5,5,U'
2,1,3,0,0,3,0,0,3,4,4,0,2,1,0,0,0,5,2,2,1,2,2,1,2,2,2,4,4,1,3,3,3,3,3,3,4,1,1,5,4,4,0,4,4,5,1,1,5,5,5,5,5,F'
2,1,5,0,0,0,0,0,0,4,4,0,2,1,0,4,5,0,1,1,2,2,2,2,2,2,2,3,3,3,3,3,3,3,3,3,1,1,1,4,4,4,4,4,4,5,1,1,5,5,5,5,5,U'
5,1,1,0,0,0,0,0,0,0,0,0,4,1,5,4,2,4,2,1,5,2,2,2,2,2,2,3,3,3,3,3,3,3,3,3,1,1,2,4,4,4,4,4,4,1,1,1,5,5,5,5,5,L
0,0,5,0,0,1,0,0,1,5,0,0,5,1,5,1,2,4,0,1,5,4,2,2,4,2,2,2,3,3,2,3,3,2,3,3,1,1,2,4,4,4,4,4,4,1,1,3,5,5,3,5,5,F
0,0,2,0,0,3,0,0,3,5,0,0,5,1,5,1,1,5,4,4,0,2,2,1,2,2,5,4,4,1,2,3,3,2,3,3,1,1,2,2,4,4,4,4,4,1,1,3,5,5,3,5,5,U
4,4,0,0,0,3,0,0,3,1,5,5,1,1,0,5,5,0,1,1,2,2,2,1,2,2,5,4,4,1,2,3,3,2,3,3,1,1,3,2,4,4,4,4,4,0,0,2,5,5,3,5,5,F'
4,4,0,0,0,5,0,0,5,1,5,5,1,1,0,1,2,4,2,1,5,1,2,2,1,2,2,0,3,3,2,3,3,2,3,3,1,1,3,4,4,4,4,4,4,0,0,2,5,5,3,5,5,U'
0,0,2,0,0,5,0,0,5,5,0,4,5,1,2,1,1,1,4,4,0,1,2,2,1,2,2,0,3,3,2,3,3,2,3,3,2,1,5,4,4,4,4,4,4,1,1,3,5,5,3,5,5,L'
2,5,5,0,0,0,0,0,0,4,0,4,1,1,2,1,1,1,0,4,0,2,2,2,2,2,2,3,3,3,3,3,3,3,3,3,2,1,5,4,4,4,4,4,4,1,1,1,5,5,5,5,5,R
2,5,5,0,0,0,0,0,0,4,0,0,1,1,2,1,1,2,0,4,3,2,2,3,2,2,3,3,3,5,3,3,5,3,3,1,4,4,2,4,4,1,4,4,5,1,1,1,2,5,5,4,5,U
0,4,3,0,0,0,0,0,0,1,1,4,1,1,0,2,2,0,4,4,2,2,2,3,2,2,3,3,3,5,3,3,5,3,3,1,1,1,1,4,4,1,4,4,5,2,5,5,2,5,5,4,5,B
4,4,3,1,0,0,1,0,0,1,1,5,1,1,0,2,2,0,4,4,2,2,2,3,2,2,3,3,3,5,3,3,5,0,0,0,1,1,1,4,4,3,4,4,3,4,2,2,5,5,5,5,5,U'
4,2,2,1,0,0,1,0,0,5,0,0,1,1,2,1,1,2,4,4,3,2,2,3,2,2,3,3,3,5,3,3,5,0,0,0,4,4,2,4,4,3,4,4,3,1,1,1,5,5,5,5,5,B'
0,2,2,0,0,0,0,0,0,1,1,4,1,1,2,1,1,2,4,4,3,2,2,3,2,2,3,3,3,5,3,3,5,3,3,2,4,4,5,4,4,0,4,4,0,1,5,5,1,5,5,1,5,R'
0,2,2,0,0,0,0,0,0,1,1,1,1,1,1,1,1,1,4,4,4,2,2,2,2,2,2,3,3,3,3,3,3,3,3,3,5,0,0,4,4,4,4,4,4,2,5,5,5,5,5,5,5,U'
2,5,5,0,0,0,0,0,0,1,1,1,1,1,1,1,1,1,0,2,2,2,2,2,2,2,2,3,3,3,3,3,3,3,3,3,4,4,4,4,4,4,4,4,4,5,0,0,5,5,5,5,5,L
0,0,2,0,0,5,0,0,5,5,1,1,5,1,1,0,1,1,1,2,2,1,2,2,1,2,2,0,3,3,2,3,3,2,3,3,4,4,4,4,4,4,4,4,4,5,0,3,5,5,3,5,5,U
1,2,2,0,0,5,0,0,5,0,5,5,1,1,1,1,1,1,4,4,4,1,2,2,1,2,2,0,3,3,2,3,3,2,3,3,5,0,3,4,4,4,4,4,4,0,0,2,5,5,3,5,5,L'
2,5,5,2,0,0,1,0,0,4,5,5,1,1,1,1,1,1,0,4,4,2,2,2,2,2,2,3,3,3,3,3,3,2,3,3,5,0,3,4,4,4,4,4,4,0,0,1,5,5,1,5,5,B'
2,5,5,3,0,0,3,0,0,1,2,2,1,1,1,1,1,1,0,4,4,2,2,2,2,2,2,3,3,3,3,3,3,4,4,3,5,0,4,4,4,5,4,4,5,1,1,0,0,5,5,0,5,L
3,3,2,0,0,5,0,0,5,5,2,2,5,1,1,0,1,1,1,4,4,1,2,2,1,2,2,0,3,3,2,3,3,2,4,3,5,0,4,4,4,5,4,4,5,1,1,4,0,5,3,0,5,U
1,4,4,0,0,5,0,0,5,0,5,5,1,1,2,1,1,2,5,0,4,1,2,2,1,2,2,0,3,3,2,3,3,2,4,3,1,1,4,4,4,5,4,4,5,3,3,2,0,5,3,0,5,L'
4,5,5,4,0,0,1,0,0,5,5,5,1,1,2,1,1,2,0,0,4,2,2,2,2,2,2,3,3,3,3,3,3,2,4,3,1,1,4,4,4,5,4,4,5,3,3,1,0,5,1,0,5,U'
3,3,1,4,0,0,1,0,0,5,2,2,5,1,1,5,1,1,4,5,5,2,2,2,2,2,2,3,3,3,3,3,3,2,4,3,0,0,4,4,4,5,4,4,5,1,1,4,0,5,1,0,5,L'
1,0,0,3,0,0,3,4,1,4,2,2,2,1,1,2,1,1,3,5,5,3,2,2,2,2,2,0,3,3,1,3,3,4,4,3,0,0,4,4,4,5,4,4,5,1,1,5,0,5,5,0,5,B
2,0,0,2,0,0,4,4,1,4,5,5,2,1,1,2,1,1,3,5,5,3,2,2,2,2,2,0,3,3,1,3,3,1,3,3,0,0,3,4,4,4,4,4,4,0,0,1,5,5,1,5,5,L2
1,4,4,0,0,2,0,0,2,0,5,5,1,1,1,1,1,1,5,5,5,1,2,2,1,2,2,4,3,3,2,3,3,2,3,3,0,0,3,4,4,4,4,4,4,0,0,2,5,5,3,5,5,U'
0,0,2,0,0,2,0,0,2,5,1,1,5,1,1,0,1,1,1,4,4,1,2,2,1,2,2,4,3,3,2,3,3,2,3,3,5,5,5,4,4,4,4,4,4,0,0,3,5,5,3,5,5,L'
2,2,2,0,0,0,0,0,0,1,1,1,1,1,1,1,1,1,4,4,4,2,2,2,2,2,2,3,3,3,3,3,3,3,3,3,5,5,5,4,4,4,4,4,4,0,0,0,5,5,5,5,5,U'
0,0,0,0,0,0,0,0,0,1,1,1,1,1,1,1,1,1,2,2,2,2,2,2,2,2,2,3,3,3,3,3,3,3,3,3,4,4,4,4,4,4,4,4,4,5,5,5,5,5,5,5,5,#
3,2,1,0,0,1,5,3,4,2,0,4,3,1,5,2,1,1,0,2,5,0,2,0,5,4,3,3,2,4,4,3,1,4,5,5,0,4,1,3,4,3,2,4,0,2,2,0,5,5,5,3,1,F
3,2,3,0,0,2,5,3,4,2,0,4,3,1,5,4,1,1,5,0,0,4,2,2,3,0,5,2,3,0,4,3,1,4,5,5,2,4,1,1,4,3,1,4,0,2,2,0,5,5,5,3,1,D'
3,2,3,0,0,2,3,0,5,2,0,4,3,1,5,4,1,1,5,0,0,4,2,2,1,4,0,0,1,5,3,3,5,2,4,4,2,4,1,1,4,3,3,1,1,2,2,0,5,5,5,5,3,B'
2,2,3,4,0,2,4,0,5,3,0,3,3,1,5,4,1,1,5,0,0,4,2,2,1,4,0,0,1,5,3,3,5,1,3,1,2,4,2,1,4,0,3,1,4,0,5,4,2,5,3,2,5,U'
0,5,4,4,0,2,4,0,5,3,5,1,0,1,1,3,3,4,2,2,3,4,2,2,1,4,0,0,1,5,3,3,5,1,3,1,5,0,0,1,4,0,3,1,4,2,4,2,2,5,3,2,5,B2
4,5,4,0,0,2,0,0,5,1,3,1,0,1,1,3,3,4,2,2,3,4,2,2,1,4,0,0,1,5,3,3,5,1,5,3,5,0,4,1,4,4,3,1,0,5,5,2,3,5,2,2,4,R
4,5,4,0,0,2,0,0,5,1,3,3,0,1,2,3,3,0,2,2,5,4,2,5,1,4,3,0,1,2,3,3,3,1,5,5,3,1,5,1,4,0,0,4,4,4,5,2,1,5,2,1,4,F2
4,5,0,0,0,1,0,0,3,1,3,3,0,1,2,2,1,0,3,4,1,5,2,4,5,2,2,0,3,3,3,3,3,1,5,5,5,1,5,2,4,0,4,4,4,4,5,2,1,5,2,1,4,B2
4,5,0,0,0,1,5,0,3,5,5,1,0,1,2,2,1,0,3,4,1,5,2,4,5,2,2,0,3,3,3,3,3,3,3,1,5,1,0,2,4,0,4,4,4,2,4,1,2,5,1,2,5,R
4,5,0,0,0,1,5,0,3,5,5,1,0,1,4,2,1,2,3,4,3,5,2,3,5,2,1,0,3,2,3,3,2,3,3,2,4,2,5,4,4,1,4,0,0,0,4,1,2,5,1,1,5,U
3,4,3,0,0,1,5,0,3,2,0,5,1,1,5,2,4,1,4,2,5,5,2,3,5,2,1,0,3,2,3,3,2,3,3,2,0,4,1,4,4,1,4,0,0,4,5,0,2,5,1,1,5,R'
3,4,3,0,0,1,5,0,3,2,0,1,1,1,2,2,4,4,4,2,5,5,2,5,5,2,1,0,3,5,3,3,3,3,3,1,1,1,0,4,4,0,0,4,4,2,5,0,2,5,1,2,5,U2
1,1,0,0,0,1,5,0,3,4,4,2,2,1,1,1,0,2,2,5,0,5,2,5,5,2,1,0,3,5,3,3,3,3,3,1,3,4,3,4,4,0,0,4,4,4,2,5,2,5,1,2,5,R
1,1,0,0,0,1,5,0,3,4,4,0,2,1,5,1,0,1,2,5,5,5,2,3,5,2,1,0,3,2,3,3,2,3,3,4,0,4,3,4,4,4,4,0,3,2,2,5,1,5,1,2,5,U2
0,4,3,0,0,1,5,0,3,1,0,1,5,1,2,0,4,4,2,2,5,5,2,3,5,2,1,0,3,2,3,3,2,3,3,4,1,1,0,4,4,4,4,0,3,2,5,5,1,5,1,2,5,R'
0,4,3,0,0,1,5,0,3,1,0,2,5,1,1,0,4,2,2,2,1,5,2,2,5,2,4,0,3,5,3,3,3,3,3,1,0,4,3,1,4,0,1,4,4,4,5,5,2,5,1,2,5,U
2,2,1,0,0,1,5,0,3,0,5,1,4,1,0,2,1,2,0,4,3,5,2,2,5,2,4,0,3,5,3,3,3,3,3,1,4,5,5,1,4,0,1,4,4,0,4,3,2,5,1,2,5,F'
2,2,2,0,0,1,5,0,2,0,5,1,4,1,0,4,1,1,3,2,4,4,2,2,0,5,5,1,1,3,3,3,3,3,3,1,5,5,5,3,4,0,0,4,4,0,4,3,2,5,1,2,5,U'
0,4,3,0,0,1,5,0,2,1,0,1,5,1,1,0,4,4,2,2,2,4,2,2,0,5,5,1,1,3,3,3,3,3,3,1,3,2,4,3,4,0,0,4,4,5,5,5,2,5,1,2,5,F
0,4,1,0,0,1,5,0,3,1,0,1,5,1,1,2,1,3,0,4,2,5,2,2,5,2,2,0,3,3,3,3,3,3,3,1,0,2,4,4,4,0,4,4,4,5,5,5,2,5,1,2,5,L
5,0,0,0,0,4,3,1,1,4,0,1,1,1,1,5,1,3,1,4,2,5,2,2,2,2,2,0,3,3,5,3,3,5,3,1,0,2,4,4,4,0,4,4,4,5,5,3,2,5,3,2,5,U2
0,2,4,0,0,4,3,1,1,3,1,5,1,1,1,1,0,4,5,5,3,5,2,2,2,2,2,0,3,3,5,3,3,5,3,1,5,0,0,4,4,0,4,4,4,1,4,2,2,5,3,2,5,L'
4,4,1,2,0,1,0,0,3,5,1,5,5,1,1,2,0,4,0,5,3,5,2,2,5,2,2,0,3,3,3,3,3,2,3,1,5,0,0,4,4,0,4,4,4,1,4,1,2,5,1,2,5,U'
1,4,1,2,0,1,0,0,3,5,1,4,1,1,0,5,5,2,4,4,1,5,2,2,5,2,2,0,3,3,3,3,3,2,3,1,0,5,3,4,4,0,4,4,4,5,0,0,2,5,1,2,5,R'
1,4,1,2,0,1,0,0,3,5,1,2,1,1,2,5,5,5,4,4,4,5,2,0,5,2,2,0,3,1,3,3,2,2,3,2,3,0,4,5,4,4,0,4,4,1,0,0,3,5,1,3,5,U'
1,0,0,2,0,1,0,0,3,2,2,5,1,1,5,5,1,5,1,4,1,5,2,0,5,2,2,0,3,1,3,3,2,2,3,2,4,4,4,5,4,4,0,4,4,3,0,4,3,5,1,3,5,R
1,0,0,2,0,1,0,0,3,2,2,1,1,1,0,5,1,2,1,4,1,5,2,2,5,2,2,0,3,3,3,3,3,2,3,3,0,5,4,4,4,4,4,4,4,5,0,4,5,5,1,5,5,F
1,0,0,2,0,3,0,0,3,2,2,1,1,1,0,3,1,0,5,5,1,2,2,4,2,2,1,4,4,0,3,3,3,2,3,3,5,5,4,1,4,4,2,4,4,5,0,4,5,5,1,5,5,U'
5,0,4,2,0,3,0,0,3,1,0,0,2,1,1,2,1,3,1,0,0,2,2,4,2,2,1,4,4,0,3,3,3,2,3,3,5,5,1,1,4,4,2,4,4,5,5,4,5,5,1,5,5,F'
5,0,3,2,0,1,0,0,2,1,0,0,2,1,1,5,1,2,0,4,1,0,2,2,1,2,2,4,3,3,3,3,3,2,3,3,0,5,1,4,4,4,4,4,4,5,5,4,5,5,1,5,5,U
0,4,1,2,0,1,0,0,2,5,2,1,1,1,0,2,1,0,0,5,1,0,2,2,1,2,2,4,3,3,3,3,3,2,3,3,5,5,4,4,4,4,4,4,4,5,0,3,5,5,1,5,5,B'
2,4,1,3,0,1,3,0,2,0,2,0,1,1,0,2,1,0,0,5,1,0,2,2,1,2,2,4,3,3,3,3,3,4,4,4,5,5,5,4,4,2,4,4,1,3,1,3,0,5,5,5,5,U'
3,1,3,3,0,1,3,0,2,0,0,0,2,1,1,0,1,2,2,4,1,0,2,2,1,2,2,4,3,3,3,3,3,4,4,4,0,5,1,4,4,2,4,4,1,5,5,5,0,5,5,5,5,B
0,1,3,0,0,1,0,0,2,1,2,1,2,1,1,0,1,2,2,4,1,0,2,2,1,2,2,4,3,3,3,3,3,3,3,3,0,5,4,4,4,4,4,4,4,5,0,5,5,5,5,5,5,L'
3,1,2,1,0,0,0,0,0,2,2,1,0,1,1,1,1,2,4,4,1,3,2,2,3,2,2,5,3,3,5,3,3,5,3,3,0,5,4,4,4,4,4,4,4,5,0,0,5,5,2,5,5,U'
5,0,0,1,0,0,0,0,0,1,1,2,2,1,1,2,0,1,3,1,2,3,2,2,3,2,2,5,3,3,5,3,3,5,3,3,4,4,1,4,4,4,4,4,4,0,5,4,5,5,2,5,5,L
0,1,5,0,0,0,0,0,0,1,1,2,2,1,1,4,0,1,1,1,2,2,2,2,2,2,2,3,3,3,3,3,3,3,3,3,4,4,1,4,4,4,4,4,4,0,5,5,5,5,5,5,5,F
0,1,3,0,0,3,0,0,3,1,1,2,2,1,1,0,0,5,2,2,1,2,2,1,2,2,2,4,4,4,3,3,3,3,3,3,4,4,1,0,4,4,1,4,4,0,5,5,5,5,5,5,5,U
2,2,1,0,0,3,0,0,3,0,2,1,0,1,1,5,1,2,4,4,1,2,2,1,2,2,2,4,4,4,3,3,3,3,3,3,0,5,5,0,4,4,1,4,4,0,1,3,5,5,5,5,5,F'
2,2,2,0,0,1,0,0,5,0,2,1,0,1,1,0,0,1,1,1,2,4,2,2,4,2,2,1,3,3,3,3,3,3,3,3,4,5,5,4,4,4,4,4,4,0,1,3,5,5,5,5,5,U
1,1,2,0,0,1,0,0,5,0,0,0,0,1,2,1,1,1,4,5,5,4,2,2,4,2,2,1,3,3,3,3,3,3,3,3,0,1,3,4,4,4,4,4,4,2,2,2,5,5,5,5,5,F
1,1,1,0,0,3,0,0,3,0,0,0,0,1,2,5,1,2,4,4,4,2,2,5,2,2,5,4,4,0,3,3,3,3,3,3,1,1,3,1,4,4,1,4,4,2,2,2,5,5,5,5,5,U'
2,2,2,0,0,3,0,0,3,0,2,2,0,1,1,0,0,5,1,1,1,2,2,5,2,2,5,4,4,0,3,3,3,3,3,3,4,4,4,1,4,4,1,4,4,1,1,3,5,5,5,5,5,F'
2,2,5,0,0,0,0,0,0,0,2,2,0,1,1,4,1,1,1,5,5,1,2,2,1,2,2,2,3,3,3,3,3,3,3,3,0,4,4,4,4,4,4,4,4,1,1,3,5,5,5,5,5,U'
1,1,3,0,0,0,0,0,0,2,1,1,2,1,1,0,0,4,2,2,5,1,2,2,1,2,2,2,3,3,3,3,3,3,3,3,1,5,5,4,4,4,4,4,4,0,4,4,5,5,5,5,5,F'
1,1,4,0,0,0,0,0,0,2,1,1,2,1,1,1,4,4,5,2,2,2,2,2,2,1,1,3,0,0,3,3,3,3,3,3,3,5,5,3,4,4,2,4,4,0,4,4,5,5,5,5,5,L
0,0,1,0,0,1,0,0,4,5,1,1,5,1,1,4,4,4,2,2,2,2,2,2,1,1,1,5,0,0,2,3,3,2,3,3,3,5,5,3,4,4,2,4,4,0,4,3,5,5,3,5,5,F
0,0,5,0,0,0,0,0,0,5,1,1,5,1,1,4,1,1,1,2,2,1,2,2,1,2,2,2,3,3,2,3,3,2,3,3,4,5,5,4,4,4,4,4,4,0,4,3,5,5,3,5,5,L'
5,0,0,0,0,0,0,0,0,1,1,1,1,1,1,1,1,1,2,2,2,2,2,2,2,2,2,3,3,3,3,3,3,3,3,3,4,5,5,4,4,4,4,4,4,0,4,4,5,5,5,5,5,B
1,0,0,1,0,0,1,0,0,5,4,4,1,1,1,1,1,1,2,2,2,2,2,2,2,2,2,3,3,3,3,3,3,5,0,0,4,5,3,4,4,3,4,4,3,5,5,0,5,5,4,5,5,U
2,2,2,1,0,0,1,0,0,1,1,5,1,1,4,1,1,4,4,5,3,2,2,2,2,2,2,3,3,3,3,3,3,5,0,0,5,5,0,4,4,3,4,4,3,1,0,0,5,5,4,5,5,B'
5,2,2,0,0,0,0,0,0,1,1,2,1,1,4,1,1,4,4,5,3,2,2,2,2,2,2,3,3,3,3,3,3,3,3,0,5,5,1,4,4,1,4,4,5,0,4,4,0,5,5,1,5,R'
5,2,2,0,0,0,0,0,0,1,1,1,1,1,0,1,1,0,4,5,2,2,2,4,2,2,4,3,3,3,3,3,2,3,3,2,1,1,5,5,4,4,5,4,4,0,4,4,3,5,5,3,5,B
1,2,2,1,0,0,1,0,0,5,4,4,1,1,0,1,1,0,4,5,2,2,2,4,2,2,4,3,3,3,3,3,2,5,0,0,1,1,2,5,4,3,5,4,3,3,3,0,5,5,4,5,5,U
4,5,2,1,0,0,1,0,0,1,1,5,1,1,4,0,0,4,1,1,2,2,2,4,2,2,4,3,3,3,3,3,2,5,0,0,3,3,0,5,4,3,5,4,3,1,2,2,5,5,4,5,5,B'
5,5,2,0,0,0,0,0,0,1,1,4,1,1,4,0,0,4,1,1,2,2,2,4,2,2,4,3,3,3,3,3,2,3,3,0,3,3,1,5,4,1,5,4,5,2,4,4,2,5,5,1,5,U'
2,4,4,0,0,0,0,0,0,4,4,4,1,1,0,1,1,0,5,5,2,2,2,4,2,2,4,3,3,3,3,3,2,3,3,0,1,1,2,5,4,1,5,4,5,3,3,1,2,5,5,1,5,B'
3,4,4,3,0,0,0,0,0,0,0,2,1,1,0,1,1,0,5,5,2,2,2,4,2,2,4,3,3,3,3,3,2,5,1,2,1,1,4,5,4,4,5,4,4,1,5,5,3,5,5,3,2,R
3,4,4,3,0,0,0,0,0,0,0,2,1,1,4,1,1,4,5,5,3,2,2,2,2,2,2,3,3,3,3,3,3,5,1,1,5,5,1,4,4,1,4,4,4,0,5,5,0,5,5,2,2,B2
4,4,4,1,0,0,1,0,0,1,1,5,1,1,4,1,1,4,5,5,3,2,2,2,2,2,2,3,3,3,3,3,3,2,0,0,5,5,0,4,4,3,4,4,3,1,2,2,5,5,0,5,5,U'
1,2,2,1,0,0,1,0,0,5,4,4,1,1,1,1,1,1,4,4,4,2,2,2,2,2,2,3,3,3,3,3,3,2,0,0,5,5,3,4,4,3,4,4,3,5,5,0,5,5,0,5,5,B'
2,2,2,0,0,0,0,0,0,1,1,1,1,1,1,1,1,1,4,4,4,2,2,2,2,2,2,3,3,3,3,3,3,3,3,3,5,5,5,4,4,4,4,4,4,0,0,0,5,5,5,5,5,U'
0,0,0,0,0,0,0,0,0,1,1,1,1,1,1,1,1,1,2,2,2,2,2,2,2,2,2,3,3,3,3,3,3,3,3,3,4,4,4,4,4,4,4,4,4,5,5,5,5,5,5,5,5,#
1,5,3,3,0,1,3,4,2,5,3,4,3,1,5,5,2,3,0,0,2,0,2,5,1,3,2,4,0,1,2,3,1,4,1,4,0,0,2,1,4,4,0,4,1,3,4,0,5,5,2,5,2,F'
1,5,3,3,0,2,3,4,5,5,3,4,3,1,5,0,1,0,2,5,2,0,2,3,0,0,1,3,1,2,2,3,1,4,1,4,1,0,2,0,4,4,4,4,1,3,4,0,5,5,2,5,2,B2
1,5,3,4,0,2,2,4,5,4,1,4,3,1,5,0,1,0,2,5,2,0,2,3,0,0,1,3,1,2,2,3,1,4,3,5,1,0,3,0,4,3,4,4,1,5,2,5,2,5,5,0,4,U'
5,2,5,4,0,2,2,4,5,4,5,0,1,1,1,4,3,0,1,5,3,0,2,3,0,0,1,3,1,2,2,3,1,4,3,5,2,5,2,0,4,3,4,4,1,1,0,3,2,5,5,0,4,D
5,2,5,4,0,2,0,4,3,4,5,0,1,1,1,4,3,0,1,5,3,0,2,3,2,4,5,4,2,3,3,3,1,5,1,2,2,5,2,0,4,3,0,0,1,1,0,3,2,5,5,4,4,B'
5,2,5,1,0,2,2,4,3,0,4,5,1,1,1,4,3,0,1,5,3,0,2,3,2,4,5,4,2,3,3,3,1,1,3,2,2,5,4,0,4,5,0,0,0,3,5,1,0,5,4,1,2,R'
5,2,5,1,0,2,2,4,3,0,4,1,1,1,0,4,3,3,1,5,5,0,2,1,2,4,0,4,2,3,3,3,3,1,3,5,4,5,0,5,4,0,2,0,0,2,5,1,1,5,4,3,2,F2
5,2,2,1,0,5,2,4,4,0,4,1,1,1,0,3,2,4,0,4,2,1,2,0,5,5,1,3,3,4,3,3,3,1,3,5,3,5,0,2,4,0,5,0,0,2,5,1,1,5,4,3,2,D2
5,2,2,1,0,5,5,0,0,0,4,1,1,1,0,3,2,4,0,4,2,1,2,0,3,2,4,5,3,1,3,3,3,4,3,3,3,5,0,2,4,0,2,4,4,2,5,1,1,5,4,5,5,U
0,4,2,1,0,5,5,0,0,3,1,0,2,1,4,4,0,1,3,5,0,1,2,0,3,2,4,5,3,1,3,3,3,4,3,3,2,5,1,2,4,0,2,4,4,5,2,2,1,5,4,5,5,F'
0,4,1,1,0,0,5,0,4,3,1,0,2,1,4,2,2,2,0,0,4,5,2,2,3,1,3,2,5,0,3,3,3,4,3,3,1,5,1,3,4,0,5,4,4,5,2,2,1,5,4,5,5,U2
1,5,1,1,0,0,5,0,4,2,2,2,4,1,2,0,1,3,5,2,2,5,2,2,3,1,3,2,5,0,3,3,3,4,3,3,0,4,1,3,4,0,5,4,4,0,0,4,1,5,4,5,5,F
1,5,2,1,0,5,5,0,0,2,2,2,4,1,2,4,0,1,3,5,5,1,2,2,3,2,2,5,3,0,3,3,3,4,3,3,0,4,1,1,4,0,3,4,4,0,0,4,1,5,4,5,5,U'
0,0,4,1,0,5,5,0,0,2,2,1,2,1,0,2,4,4,1,5,2,1,2,2,3,2,2,5,3,0,3,3,3,4,3,3,3,5,5,1,4,0,3,4,4,0,4,1,1,5,4,5,5,R
0,0,4,1,0,5,5,0,0,2,2,2,2,1,2,2,4,2,1,5,0,1,2,3,3,2,3,5,3,5,3,3,1,4,3,0,3,1,3,4,4,5,4,0,5,4,4,1,0,5,4,1,5,U
1,5,0,1,0,5,5,0,0,2,2,2,4,1,2,2,2,2,3,1,3,1,2,3,3,2,3,5,3,5,3,3,1,4,3,0,4,4,1,4,4,5,4,0,5,0,0,4,0,5,4,1,5,R2
1,5,0,1,0,5,5,0,0,2,2,5,4,1,1,2,2,0,3,1,1,1,2,0,3,2,0,5,3,2,3,3,2,4,3,2,5,0,4,5,4,4,1,4,4,3,0,4,3,5,4,3,5,U
3,1,1,1,0,5,5,0,0,2,4,2,2,1,2,0,1,5,5,0,4,1,2,0,3,2,0,5,3,2,3,3,2,4,3,2,3,0,4,5,4,4,1,4,4,1,5,0,3,5,4,3,5,R
3,1,1,1,0,5,5,0,0,2,4,4,2,1,0,0,1,0,5,0,2,1,2,2,3,2,2,5,3,3,3,3,3,4,3,1,1,5,3,4,4,0,4,4,4,5,5,0,2,5,4,2,5,U
5,0,2,1,0,5,5,0,0,0,2,2,1,1,4,0,0,4,1,5,3,1,2,2,3,2,2,5,3,3,3,3,3,4,3,1,5,5,0,4,4,0,4,4,4,3,1,1,2,5,4,2,5,B
2,0,2,2,0,5,0,0,0,0,0,4,1,1,4,0,0,4,1,5,3,1,2,2,3,2,2,5,3,3,3,3,3,5,1,5,5,5,1,4,4,3,4,4,4,2,2,3,5,5,1,1,4,U'
2,2,3,2,0,5,0,0,0,4,4,4,0,1,0,0,1,0,2,0,2,1,2,2,3,2,2,5,3,3,3,3,3,5,1,5,1,5,3,4,4,3,4,4,4,5,5,1,5,5,1,1,4,B'
5,2,3,1,0,5,5,0,0,0,2,2,0,1,0,0,1,0,2,0,2,1,2,2,3,2,2,5,3,3,3,3,3,4,3,3,1,5,4,4,4,4,4,4,4,1,1,1,5,5,4,5,5,U2
1,5,4,1,0,5,5,0,0,0,1,0,0,1,0,2,2,0,1,1,1,1,2,2,3,2,2,5,3,3,3,3,3,4,3,3,5,2,3,4,4,4,4,4,4,2,0,2,5,5,4,5,5,F
1,5,5,1,0,3,5,0,3,0,1,0,0,1,0,0,5,4,3,1,1,2,2,1,2,2,1,4,4,5,3,3,3,4,3,3,2,2,3,2,4,4,0,4,4,2,0,2,5,5,4,5,5,U
3,1,1,1,0,3,5,0,3,0,0,0,5,1,1,4,0,0,2,2,3,2,2,1,2,2,1,4,4,5,3,3,3,4,3,3,2,0,2,2,4,4,0,4,4,1,5,5,5,5,4,5,5,F'
3,1,0,1,0,0,5,0,4,0,0,0,5,1,1,2,2,0,3,1,1,2,2,2,2,2,2,1,3,3,3,3,3,4,3,3,5,0,2,4,4,4,4,4,4,1,5,5,5,5,4,5,5,U2
5,0,2,1,0,0,5,0,4,0,2,2,1,1,5,0,0,0,1,5,5,2,2,2,2,2,2,1,3,3,3,3,3,4,3,3,3,1,0,4,4,4,4,4,4,3,1,1,5,5,4,5,5,B'
4,0,2,3,0,0,3,0,4,5,1,5,1,1,5,0,0,0,1,5,5,2,2,2,2,2,2,1,3,3,3,3,3,4,4,0,3,1,0,4,4,2,4,4,2,1,4,1,1,5,5,3,5,U2
3,1,0,3,0,0,3,0,4,0,0,0,5,1,1,5,1,5,1,4,1,2,2,2,2,2,2,1,3,3,3,3,3,4,4,0,4,0,2,4,4,2,4,4,2,1,5,5,1,5,5,3,5,B
0,1,0,0,0,0,0,0,4,2,2,2,5,1,1,5,1,5,1,4,1,2,2,2,2,2,2,1,3,3,3,3,3,3,3,3,4,0,0,4,4,4,4,4,4,3,1,1,5,5,5,5,5,U
1,4,1,0,0,0,0,0,4,5,5,2,1,1,2,5,1,2,4,0,0,2,2,2,2,2,2,1,3,3,3,3,3,3,3,3,3,1,1,4,4,4,4,4,4,0,1,0,5,5,5,5,5,F
1,4,1,0,0,3,0,0,3,5,5,2,1,1,2,4,0,1,2,2,4,2,2,0,2,2,0,4,4,3,3,3,3,3,3,3,5,1,1,1,4,4,2,4,4,0,1,0,5,5,5,5,5,U2
5,1,1,0,0,3,0,0,3,1,0,4,2,1,1,2,5,5,0,1,0,2,2,0,2,2,0,4,4,3,3,3,3,3,3,3,1,4,1,1,4,4,2,4,4,2,2,4,5,5,5,5,5,F'
5,1,5,0,0,5,0,0,2,1,0,4,2,1,1,1,1,2,0,0,0,1,2,2,0,2,2,1,3,3,3,3,3,3,3,3,3,4,1,4,4,4,4,4,4,2,2,4,5,5,5,5,5,U
0,0,0,0,0,5,0,0,2,1,2,1,1,1,0,2,1,4,3,4,1,1,2,2,0,2,2,1,3,3,3,3,3,3,3,3,2,2,4,4,4,4,4,4,4,5,1,5,5,5,5,5,5,F
0,0,1,0,0,3,0,0,3,1,2,1,1,1,0,2,5,0,0,1,3,2,2,4,2,2,1,4,4,2,3,3,3,3,3,3,2,2,4,1,4,4,4,4,4,5,1,5,5,5,5,5,5,U
0,1,3,0,0,3,0,0,3,2,1,1,5,1,2,0,0,1,2,2,4,2,2,4,2,2,1,4,4,2,3,3,3,3,3,3,5,1,5,1,4,4,4,4,4,0,0,1,5,5,5,5,5,F2
0,1,4,0,0,1,0,0,5,2,1,1,5,1,2,2,4,4,1,2,2,4,2,2,4,2,2,1,0,0,3,3,3,3,3,3,3,1,5,3,4,4,3,4,4,0,0,1,5,5,5,5,5,L'
4,1,5,1,0,0,0,0,0,1,1,1,4,1,2,4,4,4,1,2,2,3,2,2,3,2,2,5,0,0,5,3,3,1,3,3,3,1,5,3,4,4,3,4,4,0,0,2,5,5,5,5,5,F
4,1,5,1,0,0,0,0,0,1,1,1,4,1,2,0,0,5,3,3,1,2,2,2,2,2,2,3,3,3,5,3,3,1,3,3,4,1,5,4,4,4,4,4,4,0,0,2,5,5,5,5,5,B'
1,1,5,3,0,0,3,0,0,0,1,4,4,1,2,0,0,5,3,3,1,2,2,2,2,2,2,3,3,3,5,3,3,4,4,5,4,1,1,4,4,1,4,4,1,2,5,2,0,5,5,0,5,U'
2,5,2,3,0,0,3,0,0,4,2,5,1,1,0,0,4,0,1,1,5,2,2,2,2,2,2,3,3,3,5,3,3,4,4,5,3,3,1,4,4,1,4,4,1,4,1,1,0,5,5,0,5,B
5,5,2,2,0,0,4,0,0,1,1,1,1,1,0,0,4,0,1,1,5,2,2,2,2,2,2,3,3,3,5,3,3,2,3,3,3,3,5,4,4,4,4,4,4,0,0,4,5,5,1,5,5,U
1,1,5,2,0,0,4,0,0,0,1,1,4,1,1,0,0,1,3,3,5,2,2,2,2,2,2,3,3,3,5,3,3,2,3,3,0,0,4,4,4,4,4,4,4,5,5,2,5,5,1,5,5,F'
1,1,1,2,0,0,4,0,0,0,1,1,4,1,1,0,4,4,5,2,2,3,2,2,3,2,2,5,0,0,5,3,3,2,3,3,3,0,4,3,4,4,3,4,4,5,5,2,5,5,1,5,5,L
4,2,1,0,0,1,0,0,1,1,1,1,1,1,1,2,4,4,0,2,2,4,2,2,0,2,2,5,0,0,3,3,3,3,3,3,3,0,4,3,4,4,3,4,4,5,5,2,5,5,5,5,5,F
4,2,5,0,0,0,0,0,0,1,1,1,1,1,1,1,1,1,0,4,0,2,2,2,2,2,2,3,3,3,3,3,3,3,3,3,2,0,4,4,4,4,4,4,4,5,5,2,5,5,5,5,5,B
1,2,5,1,0,0,1,0,0,4,4,4,1,1,1,1,1,1,0,4,0,2,2,2,2,2,2,3,3,3,3,3,3,4,0,0,2,0,3,4,4,3,4,4,3,5,5,5,5,5,5,5,5,U
0,4,0,1,0,0,1,0,0,1,1,4,1,1,4,1,1,4,2,0,3,2,2,2,2,2,2,3,3,3,3,3,3,4,0,0,5,5,5,4,4,3,4,4,3,1,2,5,5,5,5,5,5,B'
4,4,0,0,0,0,0,0,0,1,1,0,1,1,4,1,1,4,2,0,3,2,2,2,2,2,2,3,3,3,3,3,3,3,3,5,5,5,1,4,4,1,4,4,4,5,5,2,2,5,5,1,5,R2
4,4,0,0,0,0,0,0,0,1,1,3,1,1,3,1,1,5,2,0,1,2,2,2,2,2,5,3,3,0,3,3,4,3,3,4,4,4,4,1,4,4,1,5,5,2,5,2,2,5,5,3,5,D'
4,4,0,0,0,0,2,2,5,1,1,3,1,1,3,1,1,5,2,0,1,2,2,2,1,5,5,0,4,4,3,3,3,3,3,3,4,4,4,1,4,4,3,5,5,2,5,2,2,5,5,0,0,F
4,4,0,0,0,4,2,2,4,1,1,3,1,1,3,5,0,0,1,2,2,5,2,0,5,2,1,3,1,4,3,3,3,3,3,3,1,4,4,1,4,4,5,5,5,2,5,2,2,5,5,0,0,U'
2,5,2,0,0,4,2,2,4,3,3,0,1,1,0,1,1,5,4,4,0,5,2,0,5,2,1,3,1,4,3,3,3,3,3,3,1,2,2,1,4,4,5,5,5,1,4,4,2,5,5,0,0,F'
2,5,5,0,0,1,2,2,1,3,3,0,1,1,0,1,1,5,0,0,1,4,2,2,4,5,5,2,4,4,3,3,3,3,3,3,4,2,2,1,4,4,3,5,5,1,4,4,2,5,5,0,0,U
0,0,1,0,0,1,2,2,1,1,1,3,1,1,3,5,0,0,4,2,2,4,2,2,4,5,5,2,4,4,3,3,3,3,3,3,1,4,4,1,4,4,3,5,5,2,5,5,2,5,5,0,0,F'
0,0,0,0,0,0,2,2,5,1,1,3,1,1,3,1,1,3,2,2,5,2,2,5,4,4,4,1,1,1,3,3,3,3,3,3,4,4,4,4,4,4,2,5,5,2,5,5,2,5,5,0,0,D
0,0,0,0,0,0,0,0,0,1,1,3,1,1,3,1,1,3,2,2,5,2,2,5,2,2,5,3,3,1,3,3,1,3,3,1,4,4,4,4,4,4,4,4,4,2,5,5,2,5,5,2,5,R2
0,0,0,0,0,0,0,0,0,1,1,1,1,1,1,1,1,1,2,2,2,2,2,2,2,2,2,3,3,3,3,3,3,3,3,3,4,4,4,4,4,4,4,4,4,5,5,5,5,5,5,5,5,#
1,3,3,2,0,0,3,3,4,0,1,3,4,1,2,5,0,2,0,5,0,3,2,5,2,5,5,1,3,0,2,3,4,2,1,4,3,0,5,4,4,4,1,1,1,4,0,2,2,5,1,5,5,D2
1,3,3,2,0,0,1,1,1,0,1,3,4,1,2,5,0,2,0,5,0,3,2,5,5,5,4,4,1,2,4,3,2,0,3,1,3,0,5,4,4,4,3,3,4,4,0,2,2,5,1,2,5,R
1,3,3,2,0,0,1,1,1,0,1,0,4,1,5,5,0,4,0,5,2,3,2,2,5,5,1,4,1,2,4,3,2,0,3,4,3,4,3,3,4,0,4,4,5,2,0,2,2,5,1,3,5,U'
2,0,2,2,0,0,1,1,1,0,5,4,1,1,0,0,4,5,1,3,3,3,2,2,5,5,1,4,1,2,4,3,2,0,3,4,0,5,2,3,4,0,4,4,5,3,4,3,2,5,1,3,5,F
2,0,4,2,0,1,1,1,2,0,5,4,1,1,0,1,0,2,5,3,1,5,2,3,1,2,3,4,3,0,4,3,2,0,3,4,0,5,2,4,4,0,5,4,5,3,4,3,2,5,1,3,5,R'
2,0,4,2,0,1,1,1,2,0,5,3,1,1,2,1,0,3,5,3,4,5,2,0,1,2,2,4,3,1,4,3,3,0,3,3,2,0,5,5,4,4,0,4,5,4,4,3,2,5,1,0,5,D2
2,0,4,2,0,1,0,4,5,0,5,3,1,1,2,1,0,3,5,3,4,5,2,0,0,5,5,3,3,0,3,3,4,1,3,4,2,0,5,5,4,4,1,1,2,4,4,3,2,5,1,1,2,F
2,0,3,2,0,3,0,4,0,0,5,3,1,1,2,5,1,4,0,5,5,5,2,3,5,0,4,1,5,2,3,3,4,1,3,4,1,0,5,0,4,4,3,1,2,4,4,3,2,5,1,1,2,R'
2,0,3,2,0,3,0,4,0,0,5,1,1,1,2,5,1,4,0,5,3,5,2,2,5,0,4,1,5,5,3,3,3,1,3,4,5,4,2,0,4,1,1,0,3,4,4,3,4,5,1,2,2,F'
2,0,4,2,0,1,0,4,5,0,5,1,1,1,2,5,0,1,3,2,4,5,2,0,0,5,5,3,3,0,3,3,3,1,3,4,5,4,2,5,4,1,1,0,3,4,4,3,4,5,1,2,2,D2
2,0,4,2,0,1,1,0,3,0,5,1,1,1,2,5,0,1,3,2,4,5,2,0,2,2,2,4,3,1,3,3,3,0,3,3,5,4,2,5,4,1,0,4,5,4,4,3,4,5,1,0,5,U
3,2,4,2,0,1,1,0,3,5,1,0,0,1,5,1,2,1,5,4,2,5,2,0,2,2,2,4,3,1,3,3,3,0,3,3,4,4,3,5,4,1,0,4,5,2,0,4,4,5,1,0,5,F
3,2,4,2,0,3,1,0,1,5,1,0,0,1,5,3,1,4,2,5,5,2,2,4,2,0,2,0,5,4,3,3,3,0,3,3,1,4,3,2,4,1,1,4,5,2,0,4,4,5,1,0,5,U'
2,0,4,2,0,3,1,0,1,0,5,4,1,1,1,5,0,3,3,2,4,2,2,4,2,0,2,0,5,4,3,3,3,0,3,3,2,5,5,2,4,1,1,4,5,1,4,3,4,5,1,0,5,F'
2,0,3,2,0,0,1,0,5,0,5,4,1,1,1,2,2,1,4,4,2,2,2,0,3,2,2,4,3,1,3,3,3,0,3,3,4,5,5,5,4,1,0,4,5,1,4,3,4,5,1,0,5,R
2,0,3,2,0,0,1,0,5,0,5,2,1,1,0,2,2,2,4,4,1,2,2,3,3,2,3,4,3,0,3,3,4,0,3,1,0,5,4,4,4,5,5,1,5,1,4,3,1,5,1,4,5,U'
1,4,3,2,0,0,1,0,5,2,0,2,5,1,2,0,1,2,2,0,3,2,2,3,3,2,3,4,3,0,3,3,4,0,3,1,4,4,1,4,4,5,5,1,5,0,5,4,1,5,1,4,5,R'
1,4,3,2,0,0,1,0,5,2,0,4,5,1,1,0,1,0,2,0,2,2,2,2,3,2,2,4,3,3,3,3,3,0,3,3,1,5,5,4,4,1,4,4,5,1,5,4,4,5,1,0,5,F
1,4,4,2,0,3,1,0,3,2,0,4,5,1,1,5,0,3,3,2,2,2,2,0,2,2,2,4,4,1,3,3,3,0,3,3,0,5,5,1,4,1,0,4,5,1,5,4,4,5,1,0,5,U
3,2,2,2,0,3,1,0,3,5,5,2,0,1,0,3,1,4,0,5,5,2,2,0,2,2,2,4,4,1,3,3,3,0,3,3,1,5,4,1,4,1,0,4,5,1,4,4,4,5,1,0,5,F'
3,2,4,2,0,1,1,0,3,5,5,2,0,1,0,1,1,0,5,0,2,5,2,2,0,2,2,2,3,3,3,3,3,0,3,3,1,5,4,4,4,1,4,4,5,1,4,4,4,5,1,0,5,R'
3,2,4,2,0,1,1,0,3,5,5,0,0,1,4,1,1,1,5,0,2,5,2,0,0,2,0,2,3,2,3,3,2,0,3,2,4,1,5,5,4,4,1,4,4,3,4,4,3,5,1,3,5,U
5,0,2,2,0,1,1,0,3,1,0,5,1,1,5,1,4,0,4,1,5,5,2,0,0,2,0,2,3,2,3,3,2,0,3,2,3,4,4,5,4,4,1,4,4,3,2,4,3,5,1,3,5,R
5,0,2,2,0,1,1,0,3,1,0,5,1,1,0,1,4,0,4,1,2,5,2,2,0,2,2,2,3,3,3,3,3,0,3,3,1,5,3,4,4,4,4,4,4,0,2,4,5,5,1,5,5,B'
0,0,2,3,0,1,3,0,3,1,2,5,1,1,0,1,4,0,4,1,2,5,2,2,0,2,2,2,3,3,3,3,3,4,4,3,1,5,1,4,4,0,4,4,5,4,1,5,2,5,5,0,5,U
4,1,2,3,0,1,3,0,3,1,1,1,4,1,2,0,0,5,1,5,1,5,2,2,0,2,2,2,3,3,3,3,3,4,4,3,4,1,5,4,4,0,4,4,5,0,0,2,2,5,5,0,5,B
1,1,2,1,0,1,1,0,3,5,0,5,4,1,2,0,0,5,1,5,1,5,2,2,0,2,2,2,3,3,3,3,3,4,3,3,4,1,3,4,4,4,4,4,4,0,2,0,5,5,0,5,5,U'
0,2,0,1,0,1,1,0,3,5,2,5,0,1,0,5,4,0,1,1,2,5,2,2,0,2,2,2,3,3,3,3,3,4,3,3,1,5,1,4,4,4,4,4,4,4,1,3,5,5,0,5,5,B'
4,2,0,3,0,1,3,0,3,1,1,0,0,1,0,5,4,0,1,1,2,5,2,2,0,2,2,2,3,3,3,3,3,4,4,1,1,5,5,4,4,2,4,4,5,3,0,2,1,5,5,4,5,U'
3,0,2,3,0,1,3,0,3,0,0,0,1,1,4,1,0,5,4,2,0,5,2,2,0,2,2,2,3,3,3,3,3,4,4,1,1,1,2,4,4,2,4,4,5,1,5,5,1,5,5,4,5,B
0,0,2,0,0,1,0,0,3,2,2,5,1,1,4,1,0,5,4,2,0,5,2,2,0,2,2,2,3,3,3,3,3,3,3,3,1,1,1,4,4,4,4,4,4,4,1,1,5,5,5,5,5,F
0,0,2,0,0,3,0,0,3,2,2,5,1,1,4,3,1,2,0,5,4,2,2,2,2,2,0,4,4,1,3,3,3,3,3,3,1,1,1,0,4,4,5,4,4,4,1,1,5,5,5,5,5,U'
4,1,1,0,0,3,0,0,3,5,4,2,2,1,1,2,1,3,0,0,2,2,2,2,2,2,0,4,4,1,3,3,3,3,3,3,0,5,4,0,4,4,5,4,4,1,1,1,5,5,5,5,5,F'
4,1,3,0,0,1,0,0,2,5,4,2,2,1,1,0,0,5,2,2,0,0,2,2,0,2,2,1,3,3,3,3,3,3,3,3,1,5,4,4,4,4,4,4,4,1,1,1,5,5,5,5,5,U
2,2,0,0,0,1,0,0,2,0,2,5,0,1,4,5,1,2,1,5,4,0,2,2,0,2,2,1,3,3,3,3,3,3,3,3,1,1,1,4,4,4,4,4,4,4,1,3,5,5,5,5,5,F
2,2,1,0,0,3,0,0,3,0,2,5,0,1,4,2,1,0,0,0,1,2,2,5,2,2,4,4,4,1,3,3,3,3,3,3,5,1,1,1,4,4,2,4,4,4,1,3,5,5,5,5,5,U'
4,1,3,0,0,3,0,0,3,5,4,0,2,1,1,0,0,2,2,2,1,2,2,5,2,2,4,4,4,1,3,3,3,3,3,3,0,0,1,1,4,4,2,4,4,5,1,1,5,5,5,5,5,F'
4,1,2,0,0,0,0,0,0,5,4,0,2,1,1,0,1,2,1,5,4,2,2,2,2,2,2,3,3,3,3,3,3,3,3,3,1,0,1,4,4,4,4,4,4,5,1,1,5,5,5,5,5,U'
5,1,1,0,0,0,0,0,0,0,1,2,4,1,1,5,2,0,4,1,2,2,2,2,2,2,2,3,3,3,3,3,3,3,3,3,1,5,4,4,4,4,4,4,4,1,0,1,5,5,5,5,5,L
0,0,5,0,0,1,0,0,1,5,1,2,5,1,1,1,2,0,0,1,2,4,2,2,5,2,2,4,3,3,2,3,3,2,3,3,1,5,4,4,4,4,4,4,4,1,0,3,5,5,3,5,5,F
0,0,4,0,0,3,0,0,3,5,1,2,5,1,1,1,1,5,5,4,0,2,2,1,2,2,2,4,4,1,2,3,3,2,3,3,1,5,4,2,4,4,0,4,4,1,0,3,5,5,3,5,5,U
5,4,0,0,0,3,0,0,3,1,5,5,1,1,1,5,1,2,1,5,4,2,2,1,2,2,2,4,4,1,2,3,3,2,3,3,1,0,3,2,4,4,0,4,4,0,0,4,5,5,3,5,5,F'
